0	1323.49	807.5	0	293,282
1	452.98	2400.54	0	230
2	1410.1	623.78	0	315,158
3	1685.35	623.78	0	274,158
4	1381.26	949.69	0	178,282
5	1989.44	825.31	0	210
6	1128.19	2406.65	0	225,318
7	1866.92	1076.41	0	289,253
8	1940.98	1892.62	0	243,250
9	2006.19	1135.13	0	211
10	2006.19	1226.56	0	190
11	1989.75	1254.29	0	183,190
12	1950.81	1397.69	0	184,186
13	1989.75	1479.75	0	182,183
14	1721.77	1501.71	0	181,182
15	1929.84	2177.35	0	194,213
16	1998.43	2152.15	0	192,194
17	1628.54	2641.05	0	200,233
18	1424.99	854.15	0	282,207
19	1424.99	917.07	0	208,282
20	876.92	2671.78	0	197,231
21	1068.96	1807.59	0	291,216
22	1064.27	1978.1	0	288,216
23	1424.99	768.42	0	282,205,206
24	989.73	623.78	0	158,159
25	1339.63	651.53	0	315,188
26	1508.49	1635.71	0	224,261
27	1508.49	1653.51	0	224,261
28	1186.75	2671.78	0	198,166
29	939.31	1041.0149999999999	0	160,177
30	903.825	1086.48	0	160,255
31	939.31	977.095	0	160,159
32	811.79	1086.48	0	160,167
33	847.275	958.64	0	160,226
34	755.24	1022.56	0	160,227
35	2014.9699999999998	2094.93	0	192,202
36	1331.99	1644.2849999999999	0	224,272
37	1127.95	1483.6750000000002	0	256,257
38	1127.95	1549.525	0	256,258
39	1127.95	1571.6	0	256,259
40	998.145	1426.22	0	256,255
41	1069.165	1585.28	0	256,291
42	939.36	1585.28	0	256,290
43	868.34	1505.75	0	256,168
44	1680.4456280978206	2309.1257317390664	0	320,234
45	1628.6228140489102	2287.15	0	320,172
46	1534.7081280978205	2331.1014634781327	0	320,321
47	1462.125	2287.16	0	320,270
48	1348.2798077853206	2331.1014634781327	0	320,319
49	1327.0507437364104	2287.16	0	320,269
50	1306.6514874728207	2309.1257317390664	0	320,318
51	1901.0	2321.885	0	193,215
52	1901.0	2252.415	0	193,214
53	2030.76	2283.5150000000003	0	193,195
54	1980.3	2203.27	0	193,194
55	1176.15	1541.13	0	257,258
56	1163.99	1426.22	0	257,255
57	1680.8	2362.6639634781327	0	321,234
58	1534.7081280978205	2393.238963478133	0	321,322
59	1389.9081280978205	2362.6639634781327	0	321,319
60	968.47	2337.6400000000003	0	162,164
61	968.47	2434.105	0	162,163
62	918.235	2287.15	0	162,267
63	868.0	2363.48	0	162,170
64	918.235	2439.81	0	162,231
65	939.31	793.5500000000001	0	226,159
66	755.24	793.5500000000001	0	226,227
67	1334.98	1549.525	0	258,264
68	1278.17	1541.13	0	258,263
69	1148.77	1557.92	0	258,259
70	1010.38	1696.435	0	290,291
71	939.19	1828.54	0	290,292
72	868.34	1653.76	0	290,168
73	868.0	1775.3899999999999	0	290,169
74	1680.8	2416.0764634781326	0	322,234
75	1437.3657437364104	2438.9139634781327	0	322,232
76	1624.44	2438.9139634781327	0	322,233
77	1348.2798077853206	2393.238963478133	0	322,319
78	1306.6514874728207	2416.0764634781326	0	322,318
79	1128.19	2434.105	0	163,318
80	1048.21	2439.81	0	163,231
81	755.24	1173.105	0	227,167
82	1148.77	1734.54	0	259,271
83	1169.5900000000001	1700.925	0	259,260
84	1169.5900000000001	1633.755	0	272,259
85	1127.95	1659.9099999999999	0	259,291
86	1127.95	1771.065	0	291,271
87	1128.19	2337.6400000000003	0	164,318
88	1092.1750000000002	2287.15	0	164,268
89	1012.315	2287.15	0	164,267
90	755.24	1490.9850000000001	0	228,168
91	1339.045	1734.54	0	260,271
92	1508.5	1700.925	0	260,261
93	1250.79	1667.31	0	272,260
94	939.19	2025.75	0	292,267
95	868.0	1927.145	0	292,169
96	755.24	1930.12	0	229,169
97	1576.8	1677.9	0	261,174
98	1542.65	1734.54	0	261,271
99	1542.65	1621.2600000000002	0	261,264
100	1254.16	2555.795	0	166,232
101	1191.1750000000002	2441.0829087906327	0	166,318
102	1127.95	2555.795	0	166,231
103	755.24	2288.9049999999997	0	230,170
104	755.24	2555.795	0	230,231
105	1576.8	1256.35	0	176,262
106	1500.895	1086.48	0	179,262
107	1379.9850000000001	1086.48	0	178,262
108	1267.505	1086.48	0	177,262
109	868.34	1173.105	0	167,255
110	811.79	1259.73	0	167,168
111	1628.375	2671.78	0	199,200
112	811.62	2439.81	0	231,170
113	1577.34	1483.6750000000002	0	263,175
114	1455.8899999999999	1541.13	0	263,264
115	868.34	1342.975	0	168,255
116	811.62	1722.24	0	168,169
117	1568.0800000000002	2540.4300000000003	0	232,233
118	1280.4057437364104	2439.81	0	232,318
119	1576.8	1581.1950000000002	0	264,175
120	1331.99	1610.73	0	272,264
121	1334.98	1579.06	0	264,223
122	868.0	2081.875	0	169,267
123	811.62	2138.0	0	169,170
124	1680.8	2540.425	0	233,234
125	868.0	2212.575	0	170,267
126	1827.6	2561.165	0	234,236
127	1827.6	2422.535	0	234,237
128	1758.13	2641.04	0	234,235
129	1875.005	2641.05	0	235,236
130	1680.8	2143.6400000000003	0	240,172
131	1628.8	2000.1299999999999	0	172,173
132	1576.8	2143.6400000000003	0	172,270
133	1922.42	2571.76	0	236,239
134	1875.0099999999998	2481.29	0	236,237
135	1128.19	2156.45	0	268,269
136	1680.8	1792.9659186374993	0	316,173
137	1680.8	1926.06	0	240,173
138	1629.07	1734.54	0	173,174
139	1577.34	1867.335	0	173,271
140	1459.395	765.87	0	205,206
141	1922.4199999999998	2463.175	0	237,238
142	1217.4207437364103	2287.16	0	269,318
143	1680.8	1677.9	0	316,174
144	1629.07	1621.26	0	174,175
145	1976.595	2481.29	0	238,239
146	1680.8	1572.13	0	316,175
147	1680.8	1452.98	0	252,175
148	1680.8	1501.375	0	181,175
149	1629.07	1426.22	0	176,175
150	1680.8	1311.4250000000002	0	176,252
151	1680.8	1153.5700000000002	0	176,251
152	1680.8	1098.495	0	176,253
153	1629.07	1086.48	0	176,179
154	1827.6	1965.1699999999998	0	240,241
155	1827.6	1872.305	0	240,242
156	1487.525	995.55	0	304,179
157	1424.99	972.62	0	304,178
158	1527.665	972.62	0	304,305
159	1334.98	1041.0149999999999	0	177,178
160	1189.155	995.55	0	177,287
161	1069.67	1086.48	0	177,255
162	991.3199999999999	995.55	0	177,159
163	1847.2599999999998	1892.62	0	241,242
164	1886.28	1943.255	0	241,243
165	1550.06	943.25	0	305,180
166	1424.99	1041.0149999999999	0	178,179
167	1334.98	972.6200000000001	0	178,287
168	1989.8049999999998	710.85	0	210,279
169	1638.58	678.4	0	274,275
170	1938.485	779.3050000000001	0	306,307
171	1680.8	1041.0149999999999	0	179,253
172	1615.4299999999998	995.55	0	179,180
173	1994.9850000000001	1196.63	0	211,190
174	1783.36	809.02	0	275,276
175	1783.36	779.3050000000001	0	275,307
176	1783.36	738.36	0	275,280
177	1644.315	825.3	0	275,277
178	1783.36	694.625	0	275,279
179	1680.8	944.835	0	180,253
180	1615.4299999999998	890.9499999999999	0	180,277
181	1913.42	1308.0400000000002	0	212,189
182	1850.855	825.3	0	276,277
183	1875.9499999999998	2063.075	0	213,191
184	1966.02	825.3	0	277,278
185	1958.62	738.36	0	278,280
186	1966.02	710.85	0	278,279
187	1973.42	1437.15	0	183,185
188	1973.42	1363.09	0	183,184
189	1870.9899999999998	710.85	0	279,280
190	1424.99	692.0699999999999	0	282,283
191	1382.31	678.4	0	282,315
192	1765.9850000000001	1196.63	0	251,252
193	1459.395	678.4	0	283,315
194	452.98	606.585	0	156,157
195	1087.545	834.31	0	284,286
196	1131.76	735.29	0	284,285
197	1043.33	729.045	0	284,159
198	1887.6632294124981	1730.55	0	316,317
199	834.73	606.5799999999999	0	157,158
200	1969.16	1225.46	0	189,190
201	1866.92	973.875	0	253,254
202	1183.4099999999999	949.69	0	286,287
203	1043.33	892.0	0	286,159
204	1306.6514874728207	2362.388963478133	0	318,319
205	1043.33	972.62	0	159,287
206	944.97	1937.93	1	1243,1303
207	961.6	2173.14	1	1213,1175
208	1840.85	2539.07	1	1197,1198
209	917.71	848.06	1	1183,1184
210	1840.85	2578.98	1	1198,1199
211	1091.03	2183.36	1	1305,1175
212	1882.48	1448.94	1	1214,1216
213	1865.75	2562.38	1	1198,1231
214	1332.92	1065.93	1	1219,1239
215	1881.47	1655.24	1	1212,1217
216	1332.92	1117.94	1	1218,1238
217	1615.06	1671.87	1	1210,1211
218	665.4	2586.14	1	1289,1237
219	1142.62	1119.88	1	1179,1218
220	1842.31	2484.26	1	1197,1203
221	1089.95	1741.67	1	1246,1248
222	1837.43	2183.47	1	1162,1200
223	1089.95	1789.48	1	1246,1248
224	1891.14	2417.03	1	1231,1202
225	1423.09	1736.63	1	1277,1246
226	1821.99	2048.98	1	1162,1164
227	1069.58	1905.84	1	1305,1248
228	1423.09	1786.97	1	1277,1246
229	1813.85	2801.26	1	1286,1223
230	1300.23	1147.94	1	1311,1218
231	1831.94	1572.53	1	1244,1216
232	1049.33	2529.42	1	1237,1205
233	1139.43	2841.5	1	1205
234	1815.1	2308.8	1	1202,1236
235	1769.08	1382.98	1	1214,1233
236	1782.6	2393.06	1	1241,1201
237	1787.1	1302.46	1	1225,1233
238	1782.6	2453.66	1	1242,1201
239	1184.25	1090.81	1	1232,1218
240	1261.04	969.86	1	1220,1222
241	992.31	1970.51	1	1243,1235
242	1880.09	2627.15	1	1224,1199
243	961.03	1888.72	1	1243,1228
244	1715.8400000000001	2097.4300000000003	1	1160,1161
245	1526.43	2154.775	1	1160,1192
246	1526.4299999999998	2063.1949999999997	1	1160,1191
247	1526.43	2332.2250000000004	1	1192,1285
248	1526.43	2216.33	1	1192,1195
249	1503.5249999999999	2426.32	1	1192,1193
250	1481.85	2115.0099999999998	1	1192,1191
251	1458.9499999999998	2426.32	1	1192,1206
252	1437.27	2308.665	1	1192,1172
253	1526.43	2732.04	1	1288,1286
254	1503.5249999999999	2622.57	1	1288,1193
255	1353.36	2622.57	1	1288,1207
256	1226.09	2732.04	1	1288,1205
257	1751.7	2116.23	1	1161,1162
258	1526.4299999999998	2580.8199999999997	1	1193,1286
259	1526.4299999999998	2482.7	1	1193,1285
260	1480.62	2591.865	1	1193,1207
261	1480.62	2518.66	1	1193,1250
262	1480.62	2451.25	1	1193,1206
263	664.95	2367.705	1	1289,1275
264	664.95	2737.1400000000003	1	1289,1290
265	1879.18	2048.98	1	1162,1163
266	1049.34	2737.14	1	1290,1205
267	1690.34	2238.13	1	1195,1196
268	1631.3200000000002	1448.94	1	1291,1292
269	1526.8600000000001	1409.745	1	1291,1276
270	1715.84	2511.665	1	1196,1197
271	1526.17	1626.43	1	1292,1277
272	1526.43	1527.47	1	1292,1276
273	1526.17	1799.4650000000001	1	1165,1277
274	1526.4299999999998	1958.61	1	1165,1191
275	1681.025	1247.53	1	1293,1295
276	1609.97	1198.5500000000002	1	1293,1189
277	1609.97	1123.895	1	1293,1188
278	1627.0149999999999	1090.81	1	1293,1298
279	1615.47	1090.81	1	1293,1297
280	1813.8500000000001	2559.025	1	1198,1286
281	1609.9699999999998	1336.5	1	1294,1296
282	1609.9699999999998	1274.995	1	1294,1295
283	1526.86	1305.32	1	1276,1294
284	1568.415	1240.11	1	1294,1189
285	1813.8500000000001	2603.065	1	1199,1286
286	1673.0900000000001	1302.46	1	1295,1296
287	1413.095	1156.99	1	1168,1187
288	1451.65	1156.99	1	1168,1189
289	1476.81	1123.895	1	1168,1188
290	1180.8486982421664	1255.98	1	1310,1169
291	1129.1799999999998	1602.66	1	1209,1169
292	1062.4986982421665	1255.98	1	1309,1169
293	940.7950000000001	1255.98	1	1184,1169
294	897.8950000000001	1602.66	1	1208,1169
295	828.01	1255.98	1	1169,1185
296	763.72	1429.3200000000002	1	1273,1169
297	1815.1	2383.8050000000003	1	1201,1202
298	1815.1	2458.375	1	1201,1203
299	1798.85	2340.95	1	1201,1236
300	1543.3899999999999	1090.81	1	1297,1188
301	1620.97	993.5899999999999	1	1297,1298
302	1326.3899999999999	1346.8	1	1170,1171
303	1426.49	1301.3899999999999	1	1276,1170
304	1250.5986982421664	1255.98	1	1310,1170
305	1413.095	1255.98	1	1170,1187
306	1337.1573964843328	1255.98	1	1311,1170
307	1840.425	2432.5	1	1202,1203
308	1426.49	1474.73	1	1276,1171
309	1326.3899999999999	1602.66	1	1209,1171
310	773.5799999999999	1002.52	1	1299,1300
311	719.49	1156.99	1	1185,1299
312	553.6	1156.99	1	1299,1302
313	441.8	1147.9650000000001	1	1299,1301
314	1331.6799999999998	2426.32	1	1172,1206
315	1173.6	2426.32	1	1172,1205
316	1121.11	2308.665	1	1172,1175
317	1049.34	2455.55	1	1204,1205
318	997.1550000000001	2426.33	1	1204,1175
319	854.345	2426.3199999999997	1	1176,1204
320	763.72	2455.29	1	1275,1204
321	1749.225	2340.95	1	1241,1236
322	892.0	1002.52	1	1184,1300
323	832.79	1156.99	1	1185,1300
324	1226.09	2591.865	1	1205,1207
325	1226.09	2518.66	1	1250,1205
326	1226.09	2451.25	1	1205,1206
327	1085.225	2426.33	1	1205,1175
328	441.8	1296.105	1	1301,1302
329	1353.36	2476.16	1	1250,1206
330	665.4	1206.4850000000001	1	1185,1302
331	665.4	1345.6	1	1273,1302
332	1353.36	2561.16	1	1250,1207
333	929.01	1817.92	1	1178,1303
334	913.0500000000001	1951.935	1	1304,1303
335	763.72	2338.74	1	1176,1275
336	763.72	2168.555	1	1176,1274
337	1032.07	1718.25	1	1208,1248
338	1032.0700000000002	1653.435	1	1208,1209
339	972.56	1732.29	1	1208,1178
340	838.385	1732.29	1	1208,1304
341	763.72	1667.475	1	1208,1273
342	1798.0	1489.3	1	1240,1215
343	913.0500000000001	1775.105	1	1304,1178
344	763.72	1987.335	1	1304,1274
345	763.72	1810.505	1	1304,1273
346	1426.48	1653.435	1	1209,1277
347	1061.01	1704.21	1	1209,1248
348	714.56	1255.98	1	1273,1185
349	714.56	1888.72	1	1273,1274
350	665.4	1658.73	1	1273,1153
351	1121.11	2149.185	1	1305,1307
352	1121.11	2010.4249999999997	1	1305,1306
353	1032.07	1775.105	1	1178,1248
354	1526.17	1671.645	1	1210,1277
355	714.56	2251.16	1	1274,1275
356	665.4	2069.94	1	1274,1154
357	1423.09	2010.4249999999997	1	1306,1191
358	1262.19	2115.01	1	1306,1307
359	1062.4986982421665	1147.94	1	1179,1309
360	989.59	998.0	1	1179,1184
361	1752.08	1674.1599999999999	1	1211,1212
362	1476.325	1606.0	1	1276,1277
363	1426.48	1248.04	1	1276,1187
364	1476.6750000000002	1240.1100000000001	1	1276,1189
365	1205.226927734333	1170.2484349810288	1	1308,1310
366	1274.9073964843328	1159.0942174905144	1	1308,1311
367	1135.4073964843328	1159.0942174905144	1	1308,1309
368	958.0999999999999	516.76	1	1181,1182
369	1849.02	1618.45	1	1245,1217
370	1476.325	1905.84	1	1277,1191
371	1135.4073964843328	1212.294138106029	1	1309,1310
372	989.59	1201.1399206155147	1	1309,1184
373	958.0999999999999	762.93	1	1182,1183
374	1792.0099999999998	1448.95	1	1214,1215
375	1274.9073964843328	1213.294138106029	1	1310,1311
376	1399.4073964843328	1206.4850000000001	1	1311,1187
377	892.0	1206.48	1	1184,1185
378	1881.75	1592.81	1	1216,1217
379	1283.795	1090.81	1	1218,1219
380	1426.48	1198.5500000000002	1	1187,1189
381	1332.92	1017.6199999999999	1	1219,1221
382	1296.98	1005.36	1	1219,1220
383	1543.3899999999999	1156.99	1	1188,1189
384	1332.92	945.885	1	1220,1221
385	1595.6350000000002	2539.07	1	1285,1286
386	1813.8500000000001	2766.275	1	1286,1223
387	1813.8500000000001	2704.3450000000003	1	1286,1287
388	1909.57	1779.98	2	2330,2269
389	1874.02	2276.94	2	2314,2255
390	1956.12	1137.27	2	2304,2358
391	1876.58	2832.06	2	2306,2322
392	1993.46	2554.42	2	2321,2309
393	1858.93	2888.56	2	2322,2217
394	1880.85	2109.64	2	2231,2331
395	1924.92	2576.51	2	2309,2313
396	1026.81	2026.99	2	2256,2279
397	1223.4	1117.78	2	2301,2253
398	1942.32	1491.46	2	2325,2327
399	973.71	1994.03	2	2279,2367
400	989.58	1943.98	2	2308,2279
401	1173.02	1147.49	2	2198,2301
402	1301.1	939.89	2	2266,2299
403	1887.64	1615.54	2	2326,2329
404	1327.94	1177.08	2	2373,2301
405	683.07	2680.32	2	2263,2252
406	1074.61	2610.68	2	2276,2252
407	1372.35	926.45	2	2299,2302
408	1943.01	1701.05	2	2327,2270
409	1074.61	2672.12	2	2273,2252
410	1053.35	1779.2	2	2280,2251
411	1053.35	1828.35	2	2251,2366
412	1459.43	1775.1	2	2281,2251
413	1661.0	1721.7	2	2284,2270
414	1459.43	1830.4	2	2281,2251
415	813.72	539.34	2	2365,2334
416	999.45	436.3	2	2297,2298
417	1902.87	2560.44	2	2313,2316
418	1827.11	1420.73	2	2324,2254
419	813.72	761.02	2	2361,2334
420	1929.81	1866.16	2	2268,2333
421	1828.86	1334.84	2	2305,2254
422	760.43	2178.515	2	2352,2223
423	760.43	2031.375	2	2352,2367
424	722.55	2248.8599999999997	2	2352,2353
425	722.545	1954.58	2	2352,2351
426	684.67	2202.115	2	2352,2205
427	684.67	2054.98	2	2352,2204
428	1372.35	1032.075	2	2257,2300
429	760.43	2350.75	2	2353,2223
430	760.43	2483.455	2	2353,2278
431	683.07	2544.185	2	2353,2263
432	684.67	2439.09	2	2353,2206
433	684.67	2303.67	2	2353,2205
434	1613.62	1092.2	2	2226,2291
435	1372.35	1086.92	2	2258,2300
436	1504.585	1264.19	2	2290,2213
437	1445.17	1229.9697669111902	2	2290,2372
438	1445.17	1191.1923443930953	2	2290,2371
439	1564.0	1225.0500000000002	2	2290,2291
440	1503.745	1185.92	2	2241,2290
441	1638.81	1310.6100000000001	2	2354,2293
442	1651.02	1279.91	2	2354,2292
443	1663.24	1310.6100000000001	2	2354,2355
444	1022.54	567.095	2	2195,2296
445	1060.94	443.39	2	2195,2297
446	1041.4450562365246	465.423850586261	2	2195,2297
447	1060.94	418.39	2	2195,2298
448	1372.35	1146.605	2	2259,2301
449	1613.62	1264.18	2	2291,2292
450	1663.24	1178.19	2	2291,2355
451	1562.32	1139.06	2	2241,2291
452	1808.91	1454.075	2	2323,2324
453	1663.24	1272.0500000000002	2	2355,2292
454	1791.82	1307.375	2	2355,2357
455	1791.82	1186.0500000000002	2	2355,2356
456	1887.64	1563.555	2	2260,2326
457	1855.8	1528.4	2	2260,2324
458	1601.405	1279.91	2	2292,2293
459	1564.0	1272.0500000000002	2	2292,2213
460	1887.63	1456.095	2	2324,2325
461	1800.1999999999998	1279.9	2	2356,2357
462	1903.6299999999999	1208.585	2	2356,2358
463	1022.54	761.405	2	2197,2296
464	1724.335	2109.64	2	2229,2231
465	1639.76	2088.935	2	2229,2282
466	1839.65	2527.14	2	2261,2316
467	1638.81	1587.4050000000002	2	2293,2359
468	1638.81	1414.37	2	2293,2360
469	1601.405	1687.39	2	2293,2374
470	1564.0	1579.665	2	2212,2293
471	1564.0	1375.92	2	2293,2213
472	1097.3	1185.92	2	2198,2311
473	1022.54	901.945	2	2198,2310
474	1021.57	1060.055	2	2198,2287
475	1940.1750000000002	2109.64	2	2230,2231
476	1839.65	2464.835	2	2262,2315
477	1887.64	1669.205	2	2326,2328
478	1909.57	1583.46	2	2326,2327
479	945.5274681626091	900.144918942561	2	2199,2295
480	945.09	1058.9250000000002	2	2199,2287
481	852.76	1183.66	2	2199,2286
482	722.545	1183.66	2	2199,2350
483	1783.705	2209.8599999999997	2	2231,2232
484	1639.76	2159.75	2	2231,2282
485	658.385	2713.38	2	2263,2264
486	633.7	2637.9700000000003	2	2263,2207
487	995.2	901.945	2	2310,2295
488	977.375	866.1	2	2295,2296
489	970.145	934.19	2	2295,2287
490	1715.795	1487.42	2	2359,2360
491	1639.77	1694.2150000000001	2	2374,2359
492	684.66	1283.505	2	2200,2350
493	1639.76	2229.36	2	2232,2282
494	1093.925	2713.38	2	2274,2264
495	1000.845	2754.1800000000003	2	2215,2264
496	742.635	2754.1800000000003	2	2214,2264
497	633.7	2728.79	2	2214,2264
498	959.55	732.4549999999999	2	2296,2361
499	959.55	569.615	2	2296,2365
500	991.045	481.08	2	2296,2297
501	959.55	838.9499999999999	2	2296,2363
502	684.66	1481.8	2	2201,2350
503	1265.78	2644.74	2	2273,2233
504	1265.78	2512.42	2	2277,2233
505	1164.57	2608.08	2	2276,2233
506	1164.57	2541.92	2	2275,2233
507	960.03	458.69	2	2297,2364
508	921.645	811.8	2	2361,2363
509	848.73	811.8	2	2361,2362
510	684.66	1673.8600000000001	2	2202,2351
511	1562.9	2578.58	2	2272,2234
512	1464.95	2644.74	2	2273,2234
513	1464.95	2512.42	2	2277,2234
514	878.8399999999999	436.29999999999995	2	2298,2364
515	883.74	838.9499999999999	2	2362,2363
516	684.66	1859.9	2	2203,2351
517	1336.725	1026.45	2	2299,2300
518	1960.195	1816.07	2	2268,2269
519	1321.685	1117.78	2	2300,2301
520	1943.0099999999998	1958.29	2	2332,2333
521	886.875	486.12	2	2364,2365
522	582.09	2357.89	2	2205,2206
523	1943.0149999999999	1742.22	2	2269,2270
524	535.2850000000001	2568.08	2	2206,2207
525	1436.2549999999999	937.7	2	2302,2303
526	797.65	649.95	2	2334,2335
527	906.8899999999999	1783.17	2	2280,2366
528	867.0699999999999	1869.52	2	2366,2367
529	760.43	1826.345	2	2366,2351
530	609.9300000000001	2713.38	2	2214,2207
531	586.16	2809.935	2	2214,2207
532	1639.76	1968.875	2	2282,2239
533	1639.76	1805.87	2	2281,2239
534	760.43	1912.0549999999998	2	2367,2351
535	945.65	1475.79	2	2208,2285
536	853.04	1687.39	2	2208,2280
537	853.04	1264.19	2	2208,2286
538	760.43	1634.9450000000002	2	2208,2351
539	760.43	1423.35	2	2208,2350
540	911.7349999999999	2514.86	2	2240,2278
541	1638.8000000000002	2657.42	2	2272,2218
542	1638.8000000000002	2536.4300000000003	2	2272,2219
543	1638.8000000000002	2586.075	2	2272,2313
544	1605.055	2703.13	2	2272,2217
545	1562.8999999999999	2673.935	2	2272,2273
546	1600.8500000000001	2512.42	2	2272,2277
547	1564.0	1906.75	2	2368,2282
548	1520.0500000000002	1943.98	2	2368,2369
549	1511.165	1869.52	2	2368,2281
550	1244.27	1263.4748450361901	2	2209,2372
551	1097.3	1264.19	2	2209,2311
552	1022.39	1374.19	2	2209,2285
553	1413.75	2703.1299999999997	2	2273,2216
554	1119.59	2644.74	2	2273,2276
555	1093.925	2703.1299999999997	2	2273,2274
556	1188.92	2703.1299999999997	2	2273,2215
557	1564.0	2102.8050000000003	2	2369,2282
558	1184.435	1687.39	2	2210,2375
559	1022.39	1585.79	2	2210,2285
560	1037.875	1687.39	2	2210,2280
561	1236.4318146686346	1196.4646887861904	2	2370,2372
562	1173.02	1190.9923443930952	2	2370,2311
563	1299.8436293372692	1186.5723443930951	2	2370,2373
564	1374.4499999999998	1471.94	2	2211,2212
565	1433.3799999999999	1368.065	2	2211,2213
566	1374.4499999999998	1263.4748450361901	2	2211,2372
567	1113.6999999999998	2512.42	2	2275,2277
568	1119.59	2571.42	2	2275,2276
569	1400.143629337269	1196.4646887861904	2	2371,2372
570	1354.978004337269	1186.7723443930952	2	2371,2373
571	1439.76	1687.39	2	2212,2375
572	1498.69	1471.94	2	2212,2213
573	1439.7790021686346	1263.4748450361901	2	2372,2213
574	1173.02	1229.9697669111902	2	2372,2311
575	1327.410816837269	1196.4646887861904	2	2372,2373
576	1639.76	2482.235	2	2277,2219
577	1601.88	2452.05	2	2277,2282
578	1410.73	2452.05	2	2277,2220
579	1160.7	2452.0499999999997	2	2277,2222
580	1062.83	2482.235	2	2277,2278
581	865.7	2830.335	2	2214,2215
582	1018.27	2452.0499999999997	2	2278,2222
583	867.175	2452.05	2	2278,2223
584	1008.385	934.19	2	2310,2287
585	1638.8	1721.8921237796162	2	2374,2284
586	1601.4819450278192	1742.22	2	2374,2281
587	1562.91	1715.4733958285665	2	2374,2375
588	1021.57	1225.055	2	2311,2287
589	1511.7451760764031	1742.22	2	2375,2281
590	1053.35	1715.4733958285665	2	2375,2280
591	984.02	1687.39	2	2280,2285
592	760.43	1734.79	2	2280,2351
593	1601.88	1869.52	2	2281,2282
594	1748.4050000000002	2611.71	2	2313,2218
595	1639.76	2350.455	2	2282,2219
596	1564.0	2356.84	2	2282,2220
597	1913.62	2401.77	2	2314,2315
598	1882.285	2505.31	2	2315,2316
599	1019.27	2267.22	2	2221,2222
600	983.33	1264.19	2	2285,2287
601	945.09	1223.9250000000002	2	2286,2287
602	760.43	1225.055	2	2286,2350
603	722.545	1582.5	2	2350,2351
604	1384.06	981.13	3	3278,3333
605	1384.06	925.93	3	3279,3333
606	1460.06	928.33	3	3326,3251
607	783.18	2603.74	3	3291,3330
608	1849.62	1299.71	3	3341,3328
609	783.18	2662.82	3	3291,3330
610	1848.12	1386.6	3	3328,3315
611	1075.17	2601.79	3	3293,3330
612	1878.62	1500.23	3	3336,3316
613	1075.17	2663.31	3	3293,3330
614	1966.87	1455.71	3	3313,3315
615	1918.08	1587.32	3	3312,3313
616	1966.17	1673.71	3	3309,3314
617	988.11	364.33	3	3392
618	1933.51	1754.51	3	3310,3343
619	1871.5997109375003	1049.71	3	3360
620	1871.5997109375003	1098.25	3	3362
621	1679.06	1758.62	3	3306,3307
622	1907.36	1074.544904490625	3	3361
623	1954.22	1844.52	3	3311,3344
624	1903.83	2091.56	3	3246,3250
625	1917.36	2714.61	3	3300,3349
626	2002.57	2454.85	3	3303
627	1948.54	2592.54	3	3347,3301
628	1923.96	2554.23	3	3304,3300
629	1861.29	2520.54	3	3338,3302
630	1861.29	2456.54	3	3337,3302
631	1895.7	2372.89	3	3305,3331
632	1946.61	2223.45	3	3246,3249
633	1029.85	2007.07	3	3340,3329
634	974.01	1984.5	3	3340,3261
635	1311.21	896.1	3	3279,3281
636	992.64	1922.27	3	3339,3340
637	1384.06	879.69	3	3325,3279
638	1119.17	1769.23	3	3332,3398
639	1228.67	1078.44	3	3277,3327
640	1119.17	1823.53	3	3332,3398
641	1178.99	1107.79	3	3277,3186
642	1445.54	1768.45	3	3332,3399
643	1315.23	1137.44	3	3277,3351
644	1445.54	1825.09	3	3332,3399
645	1384.06	1106.93	3	3277,3335
646	1384.06	1045.73	3	3278,3334
647	673.2	1970.37	3	3224,3285
648	795.675	2554.0	3	3288,3292
649	740.6850000000001	2505.76	3	3288,3287
650	728.19	2554.0	3	3288,3291
651	673.2	2534.4049999999997	3	3288,3290
652	941.3687010546925	438.3442339062533	3	3384,3392
653	673.2	2209.775	3	3225,3285
654	1169.8899999999999	2529.88	3	3289,3383
655	1128.485	2554.0	3	3289,3292
656	1128.485	2505.76	3	3289,3287
657	941.3687010546925	596.5184678125063	3	3385,3392
658	456.86	2471.685	3	3226,3227
659	673.2	2653.9049999999997	3	3290,3291
660	625.36	2632.81	3	3290,3231
661	941.3687010546925	745.9584678125059	3	3386,3392
662	625.36	2452.09	3	3227,3228
663	541.11	2389.37	3	3227,3229
664	1720.465	1678.073975762045	3	3259,3367
665	1654.104403463228	1704.745	3	3259,3395
666	783.1800000000001	2567.15	3	3291,3292
667	783.1800000000001	2719.55	3	3291,3294
668	741.525	2753.81	3	3291,3233
669	673.2	2474.37	3	3228,3287
670	673.2	2386.065	3	3228,3285
671	625.36	2359.26	3	3228,3229
672	983.1773557337373	1801.33	3	3260,3398
673	865.01	1844.52	3	3260,3261
674	869.81	1756.6857199072122	3	3260,3396
675	755.6400000000001	1801.33	3	3260,3285
676	1122.53	2580.3	3	3292,3293
677	1169.8899999999999	2567.15	3	3292,3383
678	1017.8299999999999	2554.0	3	3292,3266
679	878.375	2554.0	3	3292,3265
680	1019.0317215593897	519.3984678125066	3	3388,3392
681	755.6400000000001	1963.27	3	3261,3285
682	1169.89	2671.685	3	3293,3296
683	1143.8200000000002	2703.81	3	3293,3236
684	1096.46	2703.8100000000004	3	3293,3295
685	1169.8899999999999	2611.029021679688	3	3293,3383
686	1075.17	2694.55	3	3293,3294
687	1447.49	891.12	3	3325,3326
688	1019.0317215593897	644.5830758125062	3	3389,3392
689	552.75	2628.9049999999997	3	3230,3231
690	1075.17	2728.81	3	3294,3295
691	1003.115	2753.81	3	3294,3235
692	1019.0317215593897	767.7702758125058	3	3390,3392
693	1018.63	410.89924190625356	3	3391,3392
694	625.36	2830.1549999999997	3	3232,3233
695	1656.57	2671.685	3	3296,3298
696	1617.54	2639.56	3	3296,3297
697	1614.8850000000002	2703.81	3	3296,3239
698	1477.575	2703.81	3	3296,3219
699	1280.075	2703.81	3	3296,3218
700	1376.4944476074234	2639.56	3	3296,3383
701	1953.8330533437493	1051.33225800625	3	3360,3361
702	980.2002113070411	1221.365921914505	3	3392,3393
703	1018.63	1179.4029609572526	3	3392,3351
704	1019.0317215593897	981.365	3	3392,3186
705	941.3687010546925	953.825	3	3392,3185
706	940.8600000000001	1179.4029609572526	3	3272,3392
707	941.3687010546925	1117.845	3	3392,3271
708	1578.51	2038.65	3	3201,3286
709	1534.1049278668684	1844.52	3	3201,3399
710	772.15	2813.01	3	3233,3234
711	948.5799999999999	2529.88	3	3265,3266
712	878.375	2505.76	3	3265,3287
713	1656.57	2529.99	3	3241,3297
714	1656.57	2596.8950000000004	3	3297,3298
715	1583.098895214847	2572.6600000000003	3	3297,3383
716	1617.0700000000002	2505.76	3	3297,3287
717	1953.8330533437493	1098.25	3	3361,3362
718	1001.7015864523496	1666.4176873564	3	3393,3397
719	1019.65	1554.8838436781998	3	3376,3393
720	940.0	1605.2149726950283	3	3370,3393
721	940.0	1470.9376289450283	3	3369,3393
722	940.0	1309.5114902537644	3	3368,3393
723	1020.2258171709619	1334.8645357173268	3	3375,3393
724	961.5886778668687	1666.1444522940287	3	3393,3396
725	1017.8299999999999	2505.76	3	3266,3287
726	1684.15	2629.02	3	3298,3299
727	1668.505	2554.22	3	3241,3298
728	1670.36	2703.81	3	3298,3239
729	756.8067922266572	1711.4150861006206	3	3394,3396
730	714.4200000000001	1759.5865873693701	3	3394,3285
731	714.4200000000001	1661.6	3	3273,3394
732	673.2	1710.593293684685	3	3394,3223
733	1147.975	2753.81	3	3235,3236
734	1901.75	2581.2200000000003	3	3299,3300
735	1792.95	2710.45	3	3240,3299
736	1745.3646583585505	1049.71	3	3363,3364
737	1655.63	956.465	3	3363,3252
738	1654.104403463228	1758.15	3	3306,3395
739	1654.104403463228	1670.0258218847866	3	3395,3367
740	1654.104403463228	1813.1033539569014	3	3243,3395
741	1615.867201731614	1844.47	3	3395,3286
742	1615.867201731614	1661.6	3	3275,3395
743	1577.6299999999999	1789.050740035737	3	3395,3399
744	1577.6299999999999	1700.028266131806	3	3395,3397
745	1932.15	2581.2200000000003	3	3300,3301
746	1743.164278390862	1240.4664012991548	3	3364,3365
747	1656.0200000000002	1145.0882006495774	3	3275,3364
748	983.1773557337373	1699.8916486006206	3	3396,3397
749	983.1773557337373	1745.1622824072122	3	3396,3398
750	850.1621667842649	1666.1444522940287	3	3370,3396
751	1656.0200000000002	1271.460816582358	3	3275,3365
752	1512.1889248522366	1733.6388449072122	3	3397,3399
753	1087.080390108087	1666.4176873564	3	3376,3397
754	1224.3526991614865	1666.4176873564	3	3378,3397
755	1363.9115278033996	1666.4176873564	3	3380,3397
756	1506.7049278668683	1663.8624698721544	3	3397,3382
757	1052.649862352237	1733.6388449072122	3	3397,3398
758	633.69	1117.845	3	3270,3271
759	545.2750000000001	1137.44	3	3220,3270
760	1895.7	2526.5699999999997	3	3304,3302
761	1895.7	2447.71	3	3302,3303
762	1732.8098841647877	1455.9060070120452	3	3366,3367
763	1656.0200000000002	1377.8080035060225	3	3275,3366
764	1684.15	2791.33	3	3240,3239
765	804.8050000000001	1098.25	3	3185,3271
766	807.0300000000001	1137.44	3	3272,3271
767	769.3050000000001	1098.25	3	3184,3271
768	653.445	1137.44	3	3220,3271
769	1949.1350000000002	2396.5099999999998	3	3305,3303
770	1922.12	2498.9100000000003	3	3304,3303
771	1656.0200000000002	1558.7530035060227	3	3275,3367
772	848.44	1225.6000000000001	3	3272,3368
773	714.4200000000001	1225.6000000000001	3	3272,3273
774	673.2	1181.52	3	3272,3220
775	755.6400000000001	1309.5114902537644	3	3368,3273
776	1655.63	2344.8	3	3241,3286
777	1656.57	2474.37	3	3241,3287
778	755.6400000000001	1605.2149726950283	3	3273,3370
779	755.6400000000001	1470.9376289450283	3	3273,3369
780	673.2	1634.9699999999998	3	3273,3223
781	673.2	1530.64	3	3273,3222
782	673.2	1374.54	3	3273,3221
783	673.2	1260.87	3	3273,3220
784	1655.63	1948.2400000000002	3	3243,3286
785	1616.8250000000003	1049.71	3	3275,3252
786	1577.63	1551.3386568110768	3	3275,3382
787	1577.63	1334.8679536860775	3	3275,3381
788	1577.63	1181.52	3	3275,3351
789	1577.6299999999999	1098.02	3	3275,3251
790	1807.4650000000001	1735.78	3	3307,3308
791	1065.0436743506953	2349.0968104213052	3	3371,3372
792	1019.0768371753477	2442.98	3	3371,3287
793	1792.21	2144.7200000000003	3	3244,3245
794	1655.63	2149.32	3	3244,3286
795	1830.02	1695.755	3	3308,3309
796	1172.6016577491325	2442.98	3	3372,3287
797	1830.02	2164.495	3	3245,3246
798	1332.56	1078.44	3	3277,3278
799	1968.04	1717.8	3	3309,3310
800	1578.51	2338.0625416224775	3	3373,3286
801	1489.72	2348.252541622477	3	3373,3374
802	1534.2952893237848	2442.98	3	3373,3287
803	864.8199999999999	2442.98	3	3214,3287
804	755.64	2262.5299999999997	3	3214,3285
805	1946.61	2142.605	3	3246,3248
806	1936.54	2091.56	3	3246,3247
807	1347.635	982.46	3	3278,3279
808	1985.13	1792.76	3	3310,3311
809	1933.51	1635.745	3	3342,3314
810	1384.3490942725698	2442.98	3	3374,3287
811	710.095	989.45	3	3183,3184
812	1974.59	2091.56	3	3247,3248
813	1087.080390108087	1444.129071434654	3	3375,3376
814	1154.510780216174	1333.3386568110768	3	3375,3377
815	1088.2247992877744	1225.6000000000001	3	3375,3351
816	1968.04	1938.6	3	3344,3345
817	1154.510780216174	1554.2284273188893	3	3376,3378
818	1968.04	1608.77	3	3313,3314
819	1224.3526991614865	1441.077313622154	3	3377,3378
820	1294.194618106799	1333.338656811077	3	3377,3379
821	1226.6085585364863	1225.6000000000001	3	3377,3351
822	1098.095	1137.44	3	3186,3351
823	1381.95	2788.01	3	3218,3219
824	1294.194618106799	1553.8011812251395	3	3378,3380
825	1577.6299999999999	956.465	3	3251,3252
826	1874.05	1455.7099999999998	3	3315,3316
827	1363.9115278033996	1445.1361515127794	3	3379,3380
828	1436.255164981799	1334.8679536860775	3	3379,3381
829	1365.224891544299	1225.6000000000001	3	3379,3351
830	1432.593055606799	1553.6062349360773	3	3380,3382
831	565.03	1452.94	3	3221,3222
832	714.4200000000001	2442.98	3	3285,3287
833	673.2	1804.24	3	3285,3223
834	1507.204647920587	1441.077313622154	3	3381,3382
835	1506.275	1225.6000000000001	3	3381,3351
836	1617.0700000000002	2442.98	3	3286,3287
837	1376.4944476074234	2505.76	3	3287,3383
838	503.28	2907.1	4	4233,4367
839	1964.92	1927.85	4	4373,4314
840	1016.51	2098.1	4	4322,4319
841	1913.92	2181.58	4	4246,4249
842	957.55	2061.76	4	4387,4319
843	977.6	2009.24	4	4317,4318
844	1105.8	1850.42	4	4294,4351
845	1955.42	2315.6	4	4246,4328
846	906.09	442.89	4	4340,4341
847	1105.8	1906.12	4	4294,4351
848	1907.11	2358.6	4	4370,4296
849	1459.32	1849.66	4	4354,4294
850	1870.39	2556.1	4	4368,4302
851	1940.83	1312.83	4	4307,4395
852	1459.32	1905.36	4	4354,4294
853	1870.39	2622.1	4	4369,4303
854	1684.42	1131.7693183594174	4	4304,4258
855	1223.26	1140.99	4	4297,4335
856	1934.92	2656.53	4	4369,4242
857	1169.62	1171.41	4	4282,4335
858	1961.29	2675.82	4	4242,4326
859	1305.79	957.79	4	4331,4333
860	1911.27	2743.39	4	4243,4325
861	1380.5	937.65	4	4336,4333
862	1927.14	2820.13	4	4243,4316
863	1456.67	978.45	4	4257,4337
864	1845.11	2810.14	4	4410,4315
865	1380.5	1040.65	4	4298,4333
866	1380.5	986.05	4	4298,4333
867	1688.81	1777.2	4	4374,4375
868	1380.5	1109.65	4	4299,4333
869	761.39	2703.93	4	4292,4364
870	1380.5	1172.25	4	4300,4333
871	761.39	2765.73	4	4292,4364
872	1333.89	1203.98	4	4345,4333
873	1061.39	2703.17	4	4292,4359
874	1857.37	1459.71	4	4295,4380
875	1061.39	2766.49	4	4292,4359
876	1857.77	1370.65	4	4307,4295
877	1926.17	1665.55	4	4376,4377
878	1887.57	1574.75	4	4380,4301
879	1979.17	1537.35	4	4377,4381
880	1978.17	1755.65	4	4372,4378
881	1945.34	1837.85	4	4372,4312
882	1837.53	1238.925	4	4256,4255
883	1887.5300000000002	1237.8148251953335	4	4256,4397
884	1887.53	1238.925	4	4256,4395
885	1034.915	1820.91	4	4352,4351
886	1034.9099999999999	1806.94	4	4352,4350
887	964.02	1813.9250000000002	4	4352,4349
888	645.3846029052327	1249.9148699754076	4	4384,4344
889	529.6123014526163	1206.639739950815	4	4384,4383
890	1186.5845920697689	1741.8	4	4416,4353
891	1265.82	1629.8991441421945	4	4416,4418
892	1176.0346504481317	1516.0823106461007	4	4416,4415
893	1096.0389377728939	1741.8	4	4416,4350
894	1083.4168525965692	1629.8991441421945	4	4416,4414
895	1492.8200000000002	1188.925	4	4257,4259
896	1492.8200000000002	1047.65	4	4257,4258
897	1459.32	1774.37	4	4353,4354
898	1362.4930295697686	1741.8	4	4353,4418
899	1105.8	1774.37	4	4353,4350
900	647.87	1391.0060042940763	4	4385,4346
901	1362.4863716395375	1516.0823106461007	4	4417,4418
902	1265.8066841395378	1404.5858013191444	4	4417,4415
903	1459.1660591395375	1404.5858013191444	4	4417,4421
904	1363.8535591395375	1293.19	4	4417,4345
905	1575.8	1165.02	4	4258,4259
906	1579.39	1835.48	4	4354,4355
907	1519.1269966395375	1741.8	4	4354,4420
908	1518.7399999999998	1929.1599999999999	4	4354,4270
909	647.87	1587.4996490084313	4	4386,4346
910	1459.1660591395375	1629.4581651382885	4	4418,4420
911	647.87	2606.87	4	4323,4356
912	647.87	2580.59	4	4323,4346
913	626.8199999999999	2618.08	4	4323,4362
914	605.77	2591.8	4	4323,4232
915	1659.2900000000002	1659.86	4	4355,4251
916	1659.2900000000002	1546.7450000000001	4	4355,4254
917	1659.2900000000002	1949.71	4	4355,4250
918	1659.2900000000002	2213.525	4	4355,4245
919	1659.2900000000002	2460.875	4	4355,4244
920	1659.2900000000002	1777.055	4	4355,4375
921	1658.78	1322.23	4	4355,4255
922	1659.2900000000002	1450.025	4	4355,4253
923	1659.2900000000002	1360.96	4	4355,4252
924	1579.39	1630.0441026382885	4	4355,4420
925	1579.39	1404.4621346512065	4	4355,4421
926	1619.08	1293.19	4	4355,4345
927	1579.39	2333.0	4	4355,4271
928	1579.39	2125.245	4	4355,4270
929	1579.39	2470.165	4	4273,4355
930	1619.3400000000001	2595.66	4	4355,4356
931	957.55	1875.0349999999999	4	4387,4351
932	919.6852204589635	1820.9099999999999	4	4387,4349
933	808.255	1820.9099999999999	4	4387,4348
934	734.88	1996.3203220933262	4	4387,4346
935	1659.33	2622.58	4	4356,4244
936	1619.1238107053282	2649.5	4	4401,4356
937	1535.0466104777333	2649.5	4	4356,4412
938	1469.955	2595.66	4	4273,4356
939	1259.6	2595.66	4	4274,4356
940	1323.1285884419917	2649.5	4	4356,4411
941	1103.975	2649.5	4	4356,4358
942	1057.5	2595.66	4	4275,4356
943	846.8702204589636	2595.66	4	4356,4388
944	757.985	2649.5	4	4356,4363
945	691.375	2595.66	4	4356,4346
946	647.87	2633.79	4	4356,4362
947	734.88	2384.305	4	4388,4346
948	1519.1269966395375	1515.734269302413	4	4420,4421
949	647.87	2461.31385036341	4	4389,4346
950	1518.814408663082	1293.19	4	4421,4345
951	1107.5100000000002	2680.51	4	4358,4359
952	1153.63	2665.005	4	4358,4411
953	647.87	2236.985237082161	4	4390,4346
954	1059.335	476.8124999999999	4	4422,4423
955	946.52	461.43125	4	4341,4422
956	1153.63	2777.3199999999997	4	4406,4359
957	1131.784809234598	2808.629345672648	4	4404,4359
958	1086.2350000000001	2810.14	4	4359,4366
959	1153.63	2713.1810615005697	4	4359,4411
960	1061.3899999999999	2799.52	4	4359,4365
961	647.87	1797.1792249863934	4	4391,4346
962	946.52	515.8325	4	4341,4423
963	605.77	2690.4300000000003	4	4232,4362
964	647.87	2011.5640945040363	4	4392,4346
965	946.52	588.78125	4	4341,4424
966	566.27	2931.1549999999997	4	4233,4234
967	1109.9396184691961	2933.748521713277	4	4403,4393
968	862.775	2863.09	4	4393,4365
969	724.365	2863.09	4	4393,4364
970	605.77	2934.185	4	4393,4234
971	946.52	653.0925	4	4341,4425
972	647.87	2665.005	4	4362,4363
973	647.87	2771.8050000000003	4	4362,4364
974	820.155	603.4925	4	4426,4427
975	866.79	523.19125	4	4341,4426
976	866.5499999999998	448.205	4	4213,4426
977	704.625	2680.51	4	4363,4364
978	1946.5501278439995	1165.02	4	4395,4397
979	1946.5501278439995	1164.6873519592705	4	4395,4396
980	866.79	680.4524999999999	4	4341,4427
981	761.38	2825.995	4	4364,4365
982	1947.8503578702448	1164.6873519592705	4	4396,4397
983	866.32	865.9412499999999	4	4342,4428
984	866.32	808.38625	4	4341,4428
985	1305.79	1122.925	4	4333,4334
986	1061.3899999999999	2836.615	4	4365,4366
987	1524.0500000000002	2321.33	4	4270,4271
988	1276.01	1172.4850000000001	4	4334,4335
989	1801.332035473156	2696.2698400726526	4	4400,4399
990	1658.77	2696.2042150726525	4	4401,4399
991	1415.85	2344.67	4	4272,4273
992	1361.75	2331.25	4	4272,4274
993	1446.415	951.05	4	4336,4337
994	1947.3449999999998	2495.95	4	4368,4370
995	1915.8400000000001	2612.14	4	4368,4369
996	1862.082035473156	2692.3150000000005	4	4400,4242
997	1361.75	2470.165	4	4273,4274
998	1658.8576214106565	2656.315	4	4401,4244
999	1619.1238107053282	2728.1000000000004	4	4401,4408
1000	1579.39	2688.51578806307	4	4401,4412
1001	1946.8400000000001	2728.1000000000004	4	4242,4243
1002	1157.45	2571.395	4	4274,4275
1003	769.47	410.36	4	4338,4339
1004	831.31	410.36	4	4339,4340
1005	1189.7560906430513	2863.09	4	4403,4404
1006	1993.67	1874.1	4	4372,4373
1007	1945.34	1777.055	4	4372,4374
1008	1211.6012814084531	2808.629345672648	4	4404,4406
1009	1838.1499999999999	2253.835	4	4245,4246
1010	906.655	858.96	4	4341,4342
1011	946.52	836.6600000000001	4	4341,4284
1012	946.52	749.7099999999999	4	4341,4286
1013	1955.42	2236.71	4	4246,4247
1014	1946.785	2181.58	4	4246,4248
1015	921.585	874.59	4	4342,4343
1016	961.56	866.7750000000001	4	4342,4285
1017	873.5826612548622	874.59	4	4342,4382
1018	1492.82	2778.7871727791035	4	4406,4408
1019	1380.8537356130118	2813.0743455582065	4	4406,4407
1020	1323.1285884419917	2744.5	4	4406,4411
1021	1981.16	2181.58	4	4247,4248
1022	880.58	1668.6399999999999	4	4279,4349
1023	807.73	1741.8	4	4279,4348
1024	807.76	1595.48	4	4279,4280
1025	734.88	1668.6399999999999	4	4279,4346
1026	1945.03	1715.66	4	4311,4378
1027	961.55	1139.175	4	4343,4282
1028	961.55	1008.0699999999999	4	4343,4283
1029	961.55	908.1800000000001	4	4343,4285
1030	921.585	1203.98	4	4343,4344
1031	880.3253225097244	1039.285	4	4343,4382
1032	880.58	1516.73	4	4280,4349
1033	734.88	1516.73	4	4280,4346
1034	1127.9413083783627	1293.19	4	4344,4415
1035	1169.62	1248.585	4	4344,4345
1036	1065.59	1203.98	4	4344,4282
1037	1025.148937772894	1293.19	4	4344,4413
1038	922.3	1293.19	4	4344,4349
1039	808.2850000000001	1293.19	4	4344,4281
1040	813.2026612548623	1203.98	4	4344,4382
1041	691.375	1293.19	4	4344,4346
1042	696.774930236796	1203.98	4	4344,4383
1043	1694.4041582377426	2861.144881519338	4	4408,4409
1044	1535.0466104777333	2728.1000000000004	4	4408,4412
1045	1492.6271768839833	2736.97106150057	4	4408,4411
1046	880.58	1365.585	4	4281,4349
1047	734.88	1365.585	4	4281,4346
1048	1976.2549999999999	2024.08	4	4313,4314
1049	1658.78	1253.01	4	4345,4255
1050	1217.7133420697687	1293.19	4	4345,4415
1051	1976.435	1688.35	4	4377,4378
1052	1798.79	2769.592147144338	4	4409,4410
1053	1065.5949999999998	1074.37	4	4282,4283
1054	734.88	1781.355	4	4346,4348
1055	1065.5949999999998	941.77	4	4283,4285
1056	1838.15	1494.555	4	4379,4380
1057	1492.6271768839833	2688.51578806307	4	4411,4412
1058	1736.27	1370.65	4	4252,4253
1059	1058.07	814.3599999999999	4	4284,4286
1060	880.58	1781.355	4	4348,4349
1061	1926.17	1498.5300000000002	4	4380,4381
1062	1736.27	1529.4	4	4253,4254
1063	964.02	1774.37	4	4349,4350
1064	964.02	1403.960953907035	4	4349,4413
1065	964.02	1629.1728257828197	4	4349,4414
1066	1086.2626167567255	1403.960953907035	4	4413,4415
1067	1023.7184262982846	1514.73190781407	4	4413,4414
1068	978.06	2030.23	4	4318,4319
1069	1023.7184262982846	1741.8	4	4350,4414
1070	1883.22	1313.49	5	5308,5408
1071	994.34	1738.85	5	5368,5327
1072	1972.29	1272.29	5	5404,5409
1073	1133.5	2041.72	5	5294,5297
1074	1851.97	1199.09	5	5408,5303
1075	1172.56	2041.72	5	5294,5297
1076	605.21	2566.72	5	5396,5319
1077	1853.15	1113.15	5	5337,5303
1078	1224.44	2041.72	5	5294,5297
1079	1342.24	2041.72	5	5294,5297
1080	1381.3	2041.72	5	5294,5297
1081	1419.14	2041.72	5	5294,5297
1082	1467.6	1902.21	5	5296,5297
1083	1855.88	884.88	5	5354,5338
1084	1467.6	1813.71	5	5374,5297
1085	1856.66	915.5	5	5354,5339
1086	1467.6	1719.71	5	5374,5297
1087	1083.28	2414.52	5	5393,5301
1088	1482.51	747.12	5	5274,5314
1089	1083.28	2478.42	5	5393,5301
1090	1385.71	735.63	5	5305,5347
1091	675.74	2478.42	5	5301,5397
1092	1385.71	791.38	5	5305,5347
1093	675.74	2410.71	5	5301,5397
1094	1385.71	690.88	5	5347,5350
1095	1385.71	857.38	5	5306,5347
1096	1919.9	2162.67	5	5382,5383
1097	1385.71	919.13	5	5307,5349
1098	1962.38	2162.67	5	5384,5382
1099	1320.76	949.78	5	5356,5349
1100	1899.55	2186.63	5	5382,5302
1101	1233.01	887.95	5	5304,5349
1102	1865.8	2272.08	5	5309,5411
1103	1313.71	706.88	5	5345,5347
1104	1865.8	2336.54	5	5311,5381
1105	1157.26	735.15	5	5313,5299
1106	1926.25	2370.28	5	5386,5381
1107	1127.63	1580.55	5	5312,5367
1108	1954.66	2418.08	5	5386,5333
1109	1127.63	1645.86	5	5312,5367
1110	1939.04	2515.25	5	5388,5335
1111	1467.6	1581.16	5	5374,5312
1112	1921.37	2529.65	5	5388,5325
1113	1467.6	1647.08	5	5374,5312
1114	1884.26	2582.78	5	5387,5318
1115	1031.57	1820.16	5	5369,5300
1116	976.27	2007.19	5	5323,5291
1117	897.9	710.08	5	5418,5298
1118	976.27	1794.78	5	5369,5290
1119	1971.9	1488.15	5	5405,5425
1120	1918.73	1401.29	5	5404,5406
1121	751.92	2571.5899999999997	5	5256,5399
1122	995.16	1394.7600000000002	5	5288,5363
1123	995.16	1269.33	5	5288,5362
1124	868.99	1306.8500000000001	5	5288,5287
1125	932.075	1181.42	5	5288,5286
1126	932.075	1432.2800000000002	5	5288,5428
1127	1722.13	885.47	5	5352,5353
1128	678.4991416406272	888.4223285937526	5	5416,5419
1129	1016.2550000000001	2571.5899999999997	5	5257,5399
1130	872.2049999999999	1682.137530982424	5	5289,5428
1131	768.14	1727.1399999999999	5	5289,5370
1132	1067.92	2329.365	5	5321,5392
1133	965.54	2296.41	5	5321,5373
1134	1831.1100000000001	900.19	5	5353,5354
1135	1776.6200000000001	855.44	5	5353,5279
1136	1880.25	2485.51	5	5385,5387
1137	1894.8999999999999	2402.505	5	5385,5386
1138	1865.8	2396.4500000000003	5	5385,5379
1139	675.74	1127.886164296876	5	5417,5359
1140	678.4991416406272	1036.75	5	5417,5419
1141	1142.5	2637.96	5	5258,5259
1142	768.14	1836.385	5	5290,5370
1143	834.035	954.9223285937525	5	5418,5357
1144	768.14	784.4223285937528	5	5418,5419
1145	1346.98	2520.5899999999997	5	5259,5391
1146	1177.13	2520.59	5	5259,5393
1147	768.14	1966.6399999999999	5	5370,5291
1148	1125.855	1048.99	5	5355,5285
1149	1034.81	1048.99	5	5355,5361
1150	946.53	1048.99	5	5355,5286
1151	1182.27	1002.2950000000001	5	5355,5356
1152	1128.2199999999998	955.6	5	5355,5299
1153	897.9	1004.3199999999999	5	5355,5357
1154	986.605	955.6	5	5355,5298
1155	1903.1399999999999	2507.58	5	5387,5388
1156	768.14	1081.42	5	5419,5286
1157	768.14	1004.3199999999999	5	5419,5357
1158	723.3195708203136	1113.85	5	5419,5359
1159	678.4991416406272	656.8311642968764	5	5419,5414
1160	678.4991416406272	758.4223285937528	5	5419,5415
1161	1586.3	2612.465	5	5260,5261
1162	1580.2849999999999	2520.59	5	5260,5390
1163	1528.24	2520.5899999999997	5	5260,5391
1164	976.27	2128.535	5	5292,5293
1165	919.7149999999999	2215.35	5	5292,5373
1166	815.65	2215.35	5	5292,5372
1167	768.14	2123.65	5	5370,5292
1168	1784.74	2582.7799999999997	5	5324,5261
1169	1614.415	949.78	5	5356,5278
1170	1612.97	1048.99	5	5356,5365
1171	1651.03	999.385	5	5273,5356
1172	1471.585	1048.99	5	5356,5284
1173	1330.5349999999999	1048.99	5	5356,5364
1174	1236.565	1048.99	5	5356,5285
1175	1519.065	949.78	5	5274,5356
1176	675.74	1205.922328593752	5	5420,5359
1177	1667.4090124993895	2430.082558933774	5	5261,5389
1178	1598.8899999999999	2487.945	5	5261,5390
1179	1627.4312800414496	2448.1078389658587	5	5261,5390
1180	1086.18	2215.35	5	5293,5376
1181	1022.095	2215.35	5	5293,5373
1182	834.035	1048.99	5	5357,5286
1183	1667.48	2422.6200000000003	5	5389,5379
1184	1651.0	2430.24	5	5389,5378
1185	675.74	1346.922328593752	5	5421,5359
1186	1651.0	2336.63	5	5262,5378
1187	1651.0	2203.3500000000004	5	5262,5377
1188	1651.0	2259.16	5	5262,5376
1189	1467.6	2132.66	5	5294,5295
1190	1286.02	2215.35	5	5294,5376
1191	1937.73	1442.0900000000001	5	5405,5326
1192	1928.23	1422.8899999999999	5	5404,5326
1193	1608.825	2440.91	5	5390,5378
1194	1574.27	2480.75	5	5390,5391
1195	1791.6197201578116	1756.3119453687498	5	5422,5426
1196	1701.5009942520073	1659.5519956760713	5	5422,5423
1197	1885.2800000000002	1756.9399999999998	5	5422,5424
1198	1934.9	1622.545	5	5422,5425
1199	1652.99	1552.6100000000001	5	5422,5374
1200	1652.99	1517.228795932496	5	5422,5430
1201	1725.6	2049.9700000000003	5	5263,5264
1202	1653.95	2035.71	5	5263,5377
1203	1574.27	2132.6549999999997	5	5295,5377
1204	1520.935	2215.35	5	5295,5376
1205	770.16	1306.85	5	5359,5287
1206	770.16	1147.635	5	5359,5286
1207	722.4281868962573	1432.28	5	5359,5427
1208	675.74	1426.63	5	5359,5249
1209	1469.5349999999999	2440.8999999999996	5	5391,5344
1210	1288.28	2440.91	5	5391,5343
1211	1211.76	2480.75	5	5391,5393
1212	1701.99	1756.3119453687498	5	5423,5426
1213	1653.96	1659.5500000000002	5	5374,5423
1214	1797.24	2119.8050000000003	5	5264,5302
1215	1653.95	2119.8050000000003	5	5264,5377
1216	1574.27	1948.02	5	5296,5377
1217	1520.935	1846.07	5	5374,5296
1218	1211.76	2329.37	5	5343,5392
1219	1139.8400000000001	2302.97	5	5392,5376
1220	1147.52	2355.76	5	5392,5393
1221	1833.5900000000001	1817.8759726843746	5	5424,5266
1222	1833.2194403156232	1764.6627726843749	5	5424,5426
1223	1970.5157201578113	1756.9399999999998	5	5424,5425
1224	1653.95	1956.8000000000002	5	5265,5377
1225	1034.81	1181.42	5	5361,5362
1226	1069.45	1115.205	5	5361,5285
1227	995.16	1115.205	5	5361,5286
1228	1211.76	2398.325	5	5343,5393
1229	1112.8899999999999	2520.59	5	5393,5394
1230	1743.5897201578116	1771.44	5	5266,5426
1231	1653.95	1869.1100000000001	5	5377,5266
1232	1653.96	1808.755	5	5374,5266
1233	1075.31	845.375	5	5298,5299
1234	1074.45	1269.33	5	5280,5362
1235	1034.81	1357.24	5	5362,5363
1236	1083.28	2552.6449999999995	5	5394,5399
1237	1653.96	1764.3487453687499	5	5374,5426
1238	1037.2638868932056	1466.17	5	5363,5429
1239	1074.45	1411.705	5	5280,5363
1240	995.16	1449.2250000000001	5	5363,5428
1241	768.14	1557.208765491212	5	5427,5428
1242	722.4281868962573	1682.83	5	5370,5427
1243	675.74	1632.1395919835218	5	5250,5427
1244	675.74	1505.975	5	5249,5427
1245	1330.5349999999999	1466.17	5	5364,5429
1246	1370.2099999999998	1323.795	5	5282,5364
1247	1290.86	1323.795	5	5281,5364
1248	1370.2099999999998	1115.205	5	5364,5284
1249	1290.86	1115.205	5	5364,5285
1250	629.65	2550.21	5	5396,5397
1251	995.16	1612.598765491212	5	5428,5367
1252	1000.0677737864112	1505.470856479371	5	5428,5429
1253	819.575	1432.2800000000002	5	5428,5287
1254	1652.98	1367.2	5	5272,5365
1255	1652.98	1190.69	5	5365,5271
1256	1652.98	1083.855	5	5365,5270
1257	1613.1425532969088	1466.17	5	5365,5430
1258	1572.96	1323.795	5	5283,5365
1259	1572.96	1115.205	5	5284,5365
1260	670.31	2550.21	5	5397,5399
1261	675.74	2335.425	5	5371,5397
1262	1520.1533811406418	1543.06	5	5374,5429
1263	1063.8538868932055	1543.06	5	5429,5367
1264	1572.7067622812838	1505.470856479371	5	5429,5430
1265	1521.958381140642	1466.17	5	5283,5429
1266	1420.71	1466.17	5	5282,5429
1267	1236.565	1466.17	5	5281,5429
1268	1128.355	1466.17	5	5280,5429
1269	1731.31	1113.1499999999999	5	5270,5271
1270	1939.04	2460.12	5	5334,5335
1271	1652.99	1477.16	5	5272,5430
1272	1613.1425532969088	1543.06	5	5374,5430
1273	1731.31	1268.23	5	5272,5271
1274	1954.67	2488.44	5	5336,5335
1275	995.0699999999999	1756.94	5	5368,5369
1276	1423.02	887.9499999999999	5	5306,5307
1277	721.94	2211.04	5	5370,5371
1278	675.74	2129.0	5	5370,5253
1279	675.74	1972.775	5	5370,5252
1280	675.74	1817.2199999999998	5	5370,5251
1281	675.74	1710.8400000000001	5	5370,5250
1282	1693.13	769.395	5	5275,5276
1283	1951.97	985.03	5	5339,5340
1284	768.14	2285.55	5	5371,5372
1285	675.74	2263.0699999999997	5	5371,5254
1286	1628.7199999999998	855.44	5	5276,5277
1287	863.16	2255.88	5	5372,5373
1288	1972.31	1422.8899999999999	5	5404,5405
1289	1614.415	915.5	5	5277,5278
1290	1067.92	2255.88	5	5373,5376
1291	1614.1100000000001	1846.07	5	5374,5377
1292	1364.79	2368.6549999999997	5	5343,5344
1293	1288.28	2302.97	5	5343,5376
1294	1831.11	1233.6599999999999	5	5407,5408
1295	1182.26	1323.795	5	5280,5281
1296	1128.355	1181.42	5	5280,5285
1297	1574.27	2371.9399999999996	5	5344,5378
1298	1469.53	2302.97	5	5344,5376
1299	1612.635	2302.97	5	5376,5378
1300	1612.635	2215.35	5	5376,5377
1301	1918.73	1235.69	5	5408,5409
1302	1236.565	1181.42	5	5281,5285
1303	1651.0	2396.4500000000003	5	5378,5379
1304	1313.7099999999998	839.955	5	5347,5348
1305	1349.71	887.95	5	5347,5349
1306	1982.6799999999998	2271.4	5	5411,5412
1307	1941.1149999999998	2209.86	5	5411,5382
1308	1910.1299999999999	2325.75	5	5411,5381
1309	1300.9099999999999	887.95	5	5348,5349
1310	537.4350000000001	2315.1	5	5254,5255
1311	819.575	1181.42	5	5286,5287
1312	1450.92	704.21	5	5350,5351
1313	1433.45	852.26	6	6323,6331
1314	1433.45	911.66	6	6324,6331
1315	1433.45	968.66	6	6325,6333
1316	1376.64	997.71	6	6274,6333
1317	1888.32	2490.59	6	6289,6309
1318	1293.04	939.31	6	6333,6318
1319	1972.62	2297.12	6	6290,6348
1320	1224.24	798.91	6	6336,6306
1321	1927.02	2297.12	6	6342,6287
1322	1145.96	783.66	6	6306,6180
1323	1972.62	2178.54	6	6344,6347
1324	1074.01	1715.26	6	6338,6307
1325	1366.32	775.99	6	6329,6331
1326	1871.3	2205.87	6	6321,6342
1327	1108.01	1795.64	6	6339,6319
1328	1871.3	2265.67	6	6320,6342
1329	1058.24	1765.85	6	6338,6221
1330	1930.42	2101.92	6	6340,6341
1331	1058.24	1963.45	6	6220,6349
1332	1958.63	1645.47	6	6353,6298
1333	1904.37	2128.83	6	6341,6310
1334	1942.8	1563.51	6	6352,6297
1335	1968.63	1491.47	6	6357,6297
1336	1936.22	1454.11	6	6355,6357
1337	1876.63	1329.16	6	6322,6359
1338	1708.82	1508.78	6	6296,6282
1339	1918.77	1410.51	6	6356,6360
1340	1968.78	1293.44	6	6356,6358
1341	714.86	2477.5	6	6308,6293
1342	1860.28	1225.26	6	6358,6317
1343	1861.68	1146.76	6	6362,6317
1344	1150.33	1576.33	6	6244,6311
1345	779.98	2348.82	6	6312,6376
1346	1150.33	1624.43	6	6244,6311
1347	1880.31	945.94	6	6361,6301
1348	1512.09	1573.85	6	6311,6411
1349	779.98	2395.08	6	6312,6376
1350	1880.51	963.54	6	6361,6303
1351	1512.09	1625.81	6	6311,6411
1352	1520.24	811.04	6	6305,6412
1353	1433.45	760.06	6	6331,6334
1354	1433.45	802.06	6	6323,6331
1355	1893.28	2344.12	6	6288,6287
1356	1887.655	2443.4	6	6288,6289
1357	1869.27	2350.31	6	6288,6286
1358	1143.3343732062822	2186.87	6	6384,6403
1359	1942.8	1783.47	6	6353,6354
1360	1299.1696839125643	2186.87	6	6385,6403
1361	1979.345	2344.12	6	6290,6291
1362	1445.849371412564	2186.87	6	6386,6403
1363	1978.0349999999999	2443.4	6	6291,6292
1364	1602.889170721341	2092.524167098067	6	6387,6410
1365	1558.236043128157	2186.87	6	6387,6403
1366	1967.51	1430.76	6	6356,6357
1367	1602.889170721341	1852.2214473715048	6	6388,6410
1368	1558.236043128157	1710.0574392014005	6	6388,6411
1369	774.52	2461.355	6	6372,6293
1370	763.54	2443.64	6	6293,6376
1371	698.17	2460.5699999999997	6	6293,6294
1372	725.365	2443.4	6	6293,6373
1373	1299.9361704857838	2477.5	6	6389,6405
1374	1150.33	2497.645	6	6389,6378
1375	1150.33	2484.5	6	6372,6389
1376	670.5050000000001	2443.4	6	6373,6294
1377	1880.7849999999999	1293.44	6	6358,6359
1378	1837.22	2355.76	6	6390,6286
1379	1757.1778898040295	2489.398128049894	6	6390,6391
1380	1755.0228898040295	2355.76	6	6390,6285
1381	1704.875779608059	2483.449064024947	6	6390,6393
1382	1704.875779608059	2380.85757958226	6	6390,6408
1383	1704.875779608059	2424.971807520911	6	6390,6406
1384	1704.875779608059	2460.6481257286296	6	6405,6390
1385	1703.655076483059	2544.4205889873942	6	6391,6393
1386	1942.8	1508.9699999999998	6	6296,6297
1387	1527.2258772643095	2477.5	6	6405,6392
1388	1046.185	1254.97	6	6242,6233
1389	891.05	1327.51	6	6233,6234
1390	737.53	1254.97	6	6233,6235
1391	1982.8	1597.47	6	6297,6298
1392	1866.37	954.74	6	6361,6413
1393	1654.6289329321867	2477.5	6	6405,6393
1394	966.18	1472.77	6	6244,6234
1395	999.18	1450.52	6	6243,6234
1396	1021.3050000000001	1420.02	6	6243,6234
1397	1033.474724858177	1381.5019056129736	6	6243,6234
1398	1040.0247248581773	1343.4969056129735	6	6243,6234
1399	884.055	1489.145	6	6241,6234
1400	926.68	1485.395	6	6241,6234
1401	763.93	1429.27	6	6234,6238
1402	794.305	1460.3400000000001	6	6234,6238
1403	837.305	1480.7150000000001	6	6234,6238
1404	1763.6	1965.4117541485286	6	6394,6395
1405	1677.9012976916322	1899.9408770742643	6	6394,6410
1406	736.9754732503638	1076.4305170317318	6	6235,6365
1407	738.8204732503639	1055.2555170317319	6	6235,6365
1408	745.9949999999999	1028.73	6	6235,6365
1409	758.6023195744608	1001.917652154661	6	6235,6365
1410	770.6623195744608	987.382652154661	6	6235,6365
1411	735.74	1136.52	6	6235,6364
1412	743.3299999999999	962.7950000000001	6	6235,6236
1413	721.28	1421.0	6	6235,6238
1414	673.1	1336.91	6	6185,6235
1415	681.74	1410.19	6	6185,6235
1416	673.1	1212.99	6	6184,6235
1417	677.5799999999999	1010.03	6	6183,6235
1418	673.1	1081.83	6	6183,6235
1419	696.02	971.585	6	6182,6235
1420	1715.6399999999999	782.54	6	6299,6300
1421	1399.8849999999998	939.31	6	6331,6333
1422	1366.32	896.51	6	6331,6332
1423	1739.5131730071548	2004.8159747295836	6	6395,6396
1424	1677.9012976916322	1985.1138644390562	6	6410,6395
1425	964.9300000000001	938.04	6	6236,6237
1426	874.5999999999999	900.67	6	6181,6236
1427	794.46	973.1	6	6236,6365
1428	822.3297317352764	965.2016715718732	6	6236,6365
1429	847.0797317352764	963.0716715718731	6	6236,6365
1430	881.14	962.6099999999999	6	6236,6365
1431	928.94	969.41	6	6236,6365
1432	743.3299999999999	923.065	6	6182,6236
1433	1866.37	777.74	6	6300,6301
1434	1353.52	939.31	6	6332,6333
1435	1049.59	1136.52	6	6364,6237
1436	892.665	1090.61	6	6364,6365
1437	1687.3899999999999	2151.788630979583	6	6396,6397
1438	1677.9012976916322	2078.302302854583	6	6410,6396
1439	1119.15	1142.6399999999999	6	6213,6237
1440	1125.85	1105.34	6	6213,6237
1441	1161.0051297609289	1034.0832878881474	6	6273,6237
1442	1084.82	1174.185	6	6242,6237
1443	1107.195	959.135	6	6180,6237
1444	1017.275	910.615	6	6180,6237
1445	974.34	983.6099999999999	6	6237,6365
1446	1005.44	1002.31	6	6237,6365
1447	1029.94	1030.9099999999999	6	6237,6365
1448	1044.8888748710044	1069.8266349502292	6	6237,6365
1449	1969.6599999999999	945.94	6	6301,6302
1450	1805.17	2303.4980654897918	6	6397,6286
1451	1753.460594882155	2309.3	6	6397,6285
1452	1674.57	2230.786850398109	6	6410,6397
1453	1688.053202556754	2309.3	6	6407,6397
1454	861.68	1546.915	6	6241,6238
1455	839.71	1605.31	6	6238,6239
1456	808.06	1582.9299999999998	6	6186,6238
1457	744.38	1495.8899999999999	6	6186,6238
1458	1968.8400000000001	963.54	6	6302,6303
1459	1493.48	771.72	6	6334,6335
1460	1677.9012976916322	1773.0577045431362	6	6410,6398
1461	861.68	1668.8899999999999	6	6241,6239
1462	842.0699999999999	1732.03	6	6240,6239
1463	822.5	1638.19	6	6187,6239
1464	824.8427839053546	1701.7686444019964	6	6187,6239
1465	1253.171961737924	1498.791927142398	6	6272,6271
1466	1163.7238329750066	1468.958411045418	6	6215,6271
1467	1211.4738329750066	1462.208411045418	6	6215,6271
1468	1242.0549999999998	1461.17	6	6215,6271
1469	1143.0019752780588	1503.5813237239104	6	6244,6271
1470	1675.022393348981	1618.5264545431364	6	6411,6399
1471	1686.7159512055146	1527.3701502415217	6	6282,6399
1472	871.89	1844.56	6	6240,6221
1473	889.8050000000001	1798.99	6	6240,6221
1474	881.5900395805859	1751.8529506206603	6	6240,6241
1475	830.875	1862.59	6	6240,6245
1476	809.1600000000001	1797.31	6	6240,6188
1477	1521.915	1496.0149999999999	6	6272,6282
1478	1391.895	1466.66	6	6272,6216
1479	1376.295	1477.535	6	6272,6216
1480	1350.045	1483.535	6	6272,6216
1481	1271.065384767614	1465.7713046817807	6	6272,6216
1482	1257.7899306445784	1461.7193721289668	6	6272,6216
1483	1511.8400000000001	1448.3	6	6272,6218
1484	1444.73	1449.605	6	6272,6277
1485	1519.3799999999999	754.04	6	6304,6305
1486	1199.6	939.31	6	6336,6337
1487	1602.889170721341	2283.3225349083173	6	6400,6410
1488	1602.889170721341	2380.85757958226	6	6400,6408
1489	1602.889170721341	2332.42878979113	6	6400,6407
1490	1527.9145853606706	2258.1075795822594	6	6400,6409
1491	1527.9145853606706	2406.2235354595628	6	6400,6406
1492	1697.8	1399.97	6	6209,6282
1493	943.8499999999999	1598.1399999999999	6	6241,6244
1494	921.245	1743.355	6	6241,6221
1495	1222.9453146959809	1074.4549509521632	6	6273,6213
1496	1262.78	1037.21	6	6273,6274
1497	1212.54	997.7099999999999	6	6273,6337
1498	1377.4218699486746	2256.86	6	6401,6409
1499	1376.8666947356705	2406.2235354595628	6	6401,6406
1500	1300.880350426008	2331.5417677297814	6	6401,6404
1501	1697.8	1219.97	6	6210,6281
1502	1113.385	1335.58	6	6242,6215
1503	1125.83	1260.19	6	6242,6213
1504	1124.25	1196.44	6	6242,6213
1505	1073.17	1352.615	6	6242,6243
1506	1262.78	1077.48	6	6274,6214
1507	1290.8781908320004	1074.3518287411237	6	6274,6214
1508	1324.225656195122	1073.7242299875595	6	6274,6214
1509	1345.035	1084.025	6	6274,6214
1510	1353.005	1105.34	6	6274,6214
1511	1391.1447206335533	1119.2400007804622	6	6274,6275
1512	1439.891102985665	1103.1304442323362	6	6274,6217
1513	1452.94	1041.905	6	6274,6278
1514	1090.49	1764.0549999999998	6	6338,6339
1515	963.92	2497.645	6	6370,6378
1516	870.3	2491.5	6	6370,6372
1517	1066.21	2207.2795088949424	6	6402,6403
1518	986.3199999999999	2224.87	6	6402,6383
1519	906.43	2260.0382979574424	6	6402,6383
1520	858.6800000000001	2020.26930869963	6	6402,6382
1521	870.4708002146888	2049.6155704327703	6	6402,6382
1522	920.8469100731194	2115.200153876276	6	6402,6382
1523	956.645	2143.1415547933802	6	6402,6382
1524	1001.1	2172.06	6	6402,6382
1525	1047.8982435933408	2188.275900705997	6	6402,6382
1526	822.4638256194773	2002.4744057987796	6	6402,6245
1527	789.3	2220.455	6	6402,6375
1528	789.3	2076.03	6	6402,6190
1529	1108.02	1442.91	6	6243,6215
1530	1102.915	1401.565	6	6243,6215
1531	1049.6	1462.4650000000001	6	6243,6244
1532	1381.8075101871464	1222.9176629321842	6	6275,6276
1533	1355.5514044498927	1142.6422782886766	6	6275,6214
1534	1355.9700320214165	1196.4368495057915	6	6275,6214
1535	1419.4888813362172	1142.5915730357501	6	6275,6217
1536	1410.0978320231693	1192.366557716177	6	6275,6217
1537	1602.889170721341	2206.69054760363	6	6403,6410
1538	1452.4224402697578	2226.5110952072596	6	6403,6409
1539	1227.503044513036	2226.5110952072596	6	6403,6404
1540	1110.1678693000322	2224.87	6	6403,6383
1541	1124.77	1466.66	6	6244,6215
1542	1392.9591554321814	1293.2899952445505	6	6276,6277
1543	1360.9665572791341	1260.043757885781	6	6276,6214
1544	1413.77	1256.12	6	6276,6217
1545	1150.1235144885081	2461.355	6	6372,6405
1546	1057.125	2491.5	6	6372,6378
1547	1300.880350426008	2242.3093373947595	6	6404,6409
1548	1300.880350426008	2424.971807520911	6	6404,6406
1549	1227.503044513036	2443.796251457259	6	6404,6405
1550	1154.1257386000643	2260.858845561072	6	6404,6383
1551	776.68	795.755	6	6181,6182
1552	855.9549407853832	1959.1494534694623	6	6245,6220
1553	856.1889134541055	1995.2228281317316	6	6245,6220
1554	860.7617978660846	1898.2227657523079	6	6245,6220
1555	792.5799999999999	1930.75	6	6245,6189
1556	1399.395	1442.91	6	6277,6216
1557	1397.145	1401.565	6	6277,6216
1558	1379.626814094519	1335.4436813440477	6	6277,6216
1559	1424.3365684479436	1313.5778633384275	6	6277,6218
1560	1441.44	1363.4	6	6277,6218
1561	1464.1399999999999	1406.9	6	6277,6218
1562	1483.24	1429.9	6	6277,6218
1563	1962.6999999999998	2153.39	6	6341,6343
1564	1928.1399999999999	2150.56	6	6341,6342
1565	752.56	2374.085	6	6373,6376
1566	744.15	2304.77	6	6373,6374
1567	1502.3228898040295	2443.72007958226	6	6405,6406
1568	1468.54	1078.875	6	6278,6217
1569	1495.14	1067.895	6	6278,6217
1570	1504.8115165912805	1035.421858308248	6	6278,6279
1571	1951.9099999999999	2165.965	6	6342,6343
1572	752.56	2221.75	6	6374,6375
1573	752.56	2297.56	6	6374,6376
1574	1654.5471629174244	2406.15757958226	6	6406,6408
1575	1547.949772714899	1035.3250614457777	6	6279,6280
1576	1516.8804828517555	1064.720283301157	6	6279,6217
1577	1535.84	1006.3918930468795	6	6279,6412
1578	1973.49	2167.895	6	6343,6344
1579	770.93	2153.15	6	6375,6190
1580	766.27	2290.35	6	6375,6376
1581	1701.0	2332.42878979113	6	6407,6285
1582	1640.3952342064867	2309.3	6	6407,6410
1583	1652.2127879174245	2355.5575795822597	6	6407,6408
1584	1666.195	1148.185	6	6280,6281
1585	1685.7649999999999	1098.58	6	6280,6413
1586	1660.52	1051.6	6	6280,6413
1587	1629.835	1026.965	6	6280,6413
1588	1590.418788934126	1011.2964844238586	6	6280,6413
1589	1550.9777982890591	1071.660648356596	6	6280,6219
1590	1606.3899999999999	1112.4	6	6280,6219
1591	1624.3899999999999	1143.5	6	6280,6219
1592	1648.8589734841057	1272.0317622602256	6	6281,6219
1593	1645.4939734841055	1228.6617622602257	6	6281,6219
1594	1639.19	1185.8000000000002	6	6281,6219
1595	1674.1599999999999	1300.955	6	6281,6282
1596	1602.889170721341	2242.3093373947595	6	6409,6410
1597	1546.94	1461.4	6	6218,6282
1598	1572.64	1464.3	6	6218,6282
1599	1590.74	1460.1	6	6218,6282
1600	1606.44	1448.8	6	6218,6282
1601	1621.8400000000001	1430.2	6	6218,6282
1602	1640.7135452825637	1380.4839539873794	6	6218,6282
1603	1646.3551871978855	1349.301132304942	6	6218,6282
1604	1649.0451871978853	1313.221132304942	6	6218,6282
1605	1550.895	1527.61	6	6282,6411
1606	1639.3931861551846	1526.8566536476005	6	6282,6411
1607	1638.955782035161	1710.0574392014005	6	6410,6411
1608	697.85	1732.03	6	6187,6188
1609	787.9200000000001	1862.59	6	6188,6189
1610	681.27	1998.91	6	6189,6190
1611	1805.17	2332.53	6	6285,6286
1612	1869.27	2320.62	6	6286,6287



