0	134
1	294
2	135
3	136
4	137
5	138
6	298
7	139
8	203
9	140
10	141
11	143
12	144
13	145
14	146
15	148
16	149
17	150
18	310
19	311
20	152
21	312
22	313
23	314
24	155
25	187
26	316
27	317
28	318
29	324
30	325
31	326
32	327
33	328
34	329
35	330
36	331
37	332
38	333
39	334
40	335
41	336
42	337
43	338
44	339
45	340
46	341
47	342
48	343
49	344
50	345
51	346
52	347
53	348
54	349
55	350
56	351
57	352
58	353
59	354
60	355
61	356
62	357
63	358
64	359
65	360
66	361
67	362
68	363
69	364
70	365
71	366
72	367
73	368
74	369
75	370
76	371
77	372
78	373
79	374
80	375
81	376
82	377
83	378
84	379
85	380
86	381
87	382
88	383
89	384
90	385
91	386
92	387
93	388
94	389
95	390
96	391
97	392
98	393
99	394
100	395
101	396
102	397
103	398
104	399
105	400
106	401
107	402
108	403
109	404
110	405
111	406
112	407
113	408
114	409
115	410
116	411
117	412
118	413
119	414
120	415
121	416
122	417
123	418
124	419
125	420
126	421
127	422
128	423
129	424
130	425
131	426
132	427
133	428
134	429
135	430
136	431
137	432
138	433
139	434
140	435
141	436
142	437
143	438
144	439
145	440
146	441
147	442
148	443
149	444
150	445
151	446
152	447
153	448
154	449
155	450
156	451
157	452
158	453
159	454
160	455
161	456
162	457
163	458
164	459
165	460
166	461
167	462
168	463
169	464
170	465
171	466
172	467
173	468
174	469
175	470
176	471
177	472
178	473
179	474
180	475
181	476
182	477
183	478
184	479
185	480
186	481
187	482
188	483
189	484
190	485
191	486
192	487
193	488
194	489
195	490
196	491
197	492
198	493
199	494
200	495
201	496
202	497
203	498
204	499
205	500
206	1128
207	1129
208	1036
209	1260
210	1037
211	1133
212	1102
213	1039
214	1263
215	1104
216	1265
217	1106
218	1266
219	1075
220	1044
221	1268
222	1045
223	1269
224	1046
225	1270
226	1111
227	1143
228	1271
229	1051
230	1116
231	1148
232	1278
233	1151
234	1279
235	1280
236	1057
237	1281
238	1058
239	1282
240	1283
241	1284
242	1029
243	1126
244	1313
245	1314
246	1315
247	1316
248	1317
249	1318
250	1319
251	1320
252	1321
253	1322
254	1323
255	1324
256	1325
257	1326
258	1327
259	1328
260	1329
261	1330
262	1331
263	1332
264	1333
265	1334
266	1335
267	1336
268	1337
269	1338
270	1339
271	1340
272	1341
273	1342
274	1343
275	1344
276	1345
277	1346
278	1347
279	1348
280	1349
281	1350
282	1351
283	1352
284	1353
285	1354
286	1355
287	1356
288	1357
289	1358
290	1359
291	1360
292	1361
293	1362
294	1363
295	1364
296	1365
297	1366
298	1367
299	1368
300	1369
301	1370
302	1371
303	1372
304	1373
305	1374
306	1375
307	1376
308	1377
309	1378
310	1379
311	1380
312	1381
313	1382
314	1383
315	1384
316	1385
317	1386
318	1387
319	1388
320	1389
321	1390
322	1391
323	1392
324	1393
325	1394
326	1395
327	1396
328	1397
329	1398
330	1399
331	1400
332	1401
333	1402
334	1403
335	1404
336	1405
337	1406
338	1407
339	1408
340	1409
341	1410
342	1411
343	1412
344	1413
345	1414
346	1415
347	1416
348	1417
349	1418
350	1419
351	1420
352	1421
353	1422
354	1423
355	1424
356	1425
357	1426
358	1427
359	1428
360	1429
361	1430
362	1431
363	1432
364	1433
365	1434
366	1435
367	1436
368	1437
369	1438
370	1439
371	1440
372	1441
373	1442
374	1443
375	1444
376	1445
377	1446
378	1447
379	1448
380	1449
381	1450
382	1451
383	1452
384	1453
385	1454
386	1455
387	1456
388	2161
389	2068
390	2101
391	2038
392	2134
393	2040
394	2077
395	2046
396	2144
397	2081
398	2113
399	2145
400	2146
401	2180
402	2085
403	2117
404	2181
405	2341
406	2342
407	2087
408	2119
409	2343
410	2344
411	2345
412	2346
413	2155
414	2347
415	2189
416	2349
417	2062
418	2158
419	2190
420	2127
421	2159
422	2377
423	2378
424	2379
425	2380
426	2381
427	2382
428	2383
429	2384
430	2385
431	2386
432	2387
433	2388
434	2389
435	2390
436	2391
437	2392
438	2393
439	2394
440	2395
441	2396
442	2397
443	2398
444	2399
445	2400
446	2401
447	2402
448	2403
449	2404
450	2405
451	2406
452	2407
453	2408
454	2409
455	2410
456	2411
457	2412
458	2413
459	2414
460	2415
461	2416
462	2417
463	2418
464	2419
465	2420
466	2421
467	2422
468	2423
469	2424
470	2425
471	2426
472	2427
473	2428
474	2429
475	2430
476	2431
477	2432
478	2433
479	2434
480	2435
481	2436
482	2437
483	2438
484	2439
485	2440
486	2441
487	2442
488	2443
489	2444
490	2445
491	2446
492	2447
493	2448
494	2449
495	2450
496	2451
497	2452
498	2453
499	2454
500	2455
501	2456
502	2457
503	2458
504	2459
505	2460
506	2461
507	2462
508	2463
509	2464
510	2465
511	2466
512	2467
513	2468
514	2469
515	2470
516	2471
517	2472
518	2473
519	2474
520	2475
521	2476
522	2477
523	2478
524	2479
525	2480
526	2481
527	2482
528	2483
529	2484
530	2485
531	2486
532	2487
533	2488
534	2489
535	2490
536	2491
537	2492
538	2493
539	2494
540	2495
541	2496
542	2497
543	2498
544	2499
545	2500
546	2501
547	2502
548	2503
549	2504
550	2505
551	2506
552	2507
553	2508
554	2509
555	2510
556	2511
557	2512
558	2513
559	2514
560	2515
561	2516
562	2517
563	2518
564	2519
565	2520
566	2521
567	2522
568	2523
569	2524
570	2525
571	2526
572	2527
573	2528
574	2529
575	2530
576	2531
577	2532
578	2533
579	2534
580	2535
581	2536
582	2537
583	2538
584	2539
585	2540
586	2541
587	2542
588	2543
589	2544
590	2545
591	2546
592	2547
593	2548
594	2549
595	2550
596	2551
597	2552
598	2553
599	2554
600	2555
601	2556
602	2557
603	2558
604	3128
605	3129
606	3130
607	3162
608	3131
609	3163
610	3132
611	3164
612	3133
613	3165
614	3134
615	3135
616	3136
617	3360
618	3137
619	3361
620	3362
621	3139
622	3363
623	3140
624	3141
625	3142
626	3174
627	3143
628	3144
629	3145
630	3146
631	3147
632	3150
633	3151
634	3152
635	3121
636	3153
637	3122
638	3154
639	3123
640	3155
641	3124
642	3156
643	3125
644	3157
645	3126
646	3127
647	3401
648	3402
649	3403
650	3404
651	3405
652	3406
653	3407
654	3408
655	3409
656	3410
657	3411
658	3412
659	3413
660	3414
661	3415
662	3416
663	3417
664	3418
665	3419
666	3420
667	3421
668	3422
669	3423
670	3424
671	3425
672	3426
673	3427
674	3428
675	3429
676	3430
677	3431
678	3432
679	3433
680	3434
681	3435
682	3436
683	3437
684	3438
685	3439
686	3440
687	3441
688	3442
689	3443
690	3444
691	3445
692	3446
693	3447
694	3448
695	3449
696	3450
697	3451
698	3452
699	3453
700	3454
701	3455
702	3456
703	3457
704	3458
705	3459
706	3460
707	3461
708	3462
709	3463
710	3464
711	3465
712	3466
713	3467
714	3468
715	3469
716	3470
717	3471
718	3472
719	3473
720	3474
721	3475
722	3476
723	3477
724	3478
725	3479
726	3480
727	3481
728	3482
729	3483
730	3484
731	3485
732	3486
733	3487
734	3488
735	3489
736	3490
737	3491
738	3492
739	3493
740	3494
741	3495
742	3496
743	3497
744	3498
745	3499
746	3500
747	3501
748	3502
749	3503
750	3504
751	3505
752	3506
753	3507
754	3508
755	3509
756	3510
757	3511
758	3512
759	3513
760	3514
761	3515
762	3516
763	3517
764	3518
765	3519
766	3520
767	3521
768	3522
769	3523
770	3524
771	3525
772	3526
773	3527
774	3528
775	3529
776	3530
777	3531
778	3532
779	3533
780	3534
781	3535
782	3536
783	3537
784	3538
785	3539
786	3540
787	3541
788	3542
789	3543
790	3544
791	3545
792	3546
793	3547
794	3548
795	3549
796	3550
797	3551
798	3552
799	3553
800	3554
801	3555
802	3556
803	3557
804	3558
805	3559
806	3560
807	3561
808	3562
809	3563
810	3564
811	3565
812	3566
813	3567
814	3568
815	3569
816	3570
817	3571
818	3572
819	3573
820	3574
821	3575
822	3576
823	3577
824	3578
825	3579
826	3580
827	3581
828	3582
829	3583
830	3584
831	3585
832	3586
833	3587
834	3588
835	3589
836	3590
837	3591
838	4162
839	4194
840	4163
841	4195
842	4164
843	4165
844	4166
845	4198
846	4390
847	4167
848	4199
849	4168
850	4200
851	4392
852	4169
853	4201
854	4393
855	4170
856	4202
857	4171
858	4203
859	4172
860	4204
861	4173
862	4205
863	4174
864	4206
865	4175
866	4176
867	4208
868	4177
869	4209
870	4178
871	4210
872	4179
873	4211
874	4180
875	4212
876	4181
877	4186
878	4187
879	4189
880	4190
881	4191
882	4430
883	4431
884	4432
885	4433
886	4434
887	4435
888	4436
889	4437
890	4438
891	4439
892	4440
893	4441
894	4442
895	4443
896	4444
897	4445
898	4446
899	4447
900	4448
901	4449
902	4450
903	4451
904	4452
905	4453
906	4454
907	4455
908	4456
909	4457
910	4458
911	4459
912	4460
913	4461
914	4462
915	4463
916	4464
917	4465
918	4466
919	4467
920	4468
921	4469
922	4470
923	4471
924	4472
925	4473
926	4474
927	4475
928	4476
929	4477
930	4478
931	4479
932	4480
933	4481
934	4482
935	4483
936	4484
937	4485
938	4486
939	4487
940	4488
941	4489
942	4490
943	4491
944	4492
945	4493
946	4494
947	4495
948	4496
949	4497
950	4498
951	4499
952	4500
953	4501
954	4502
955	4503
956	4504
957	4505
958	4506
959	4507
960	4508
961	4509
962	4510
963	4511
964	4512
965	4513
966	4514
967	4515
968	4516
969	4517
970	4518
971	4519
972	4520
973	4521
974	4522
975	4523
976	4524
977	4525
978	4526
979	4527
980	4528
981	4529
982	4530
983	4531
984	4532
985	4533
986	4534
987	4535
988	4536
989	4537
990	4538
991	4539
992	4540
993	4541
994	4542
995	4543
996	4544
997	4545
998	4546
999	4547
1000	4548
1001	4549
1002	4550
1003	4551
1004	4552
1005	4553
1006	4554
1007	4555
1008	4556
1009	4557
1010	4558
1011	4559
1012	4560
1013	4561
1014	4562
1015	4563
1016	4564
1017	4565
1018	4566
1019	4567
1020	4568
1021	4569
1022	4570
1023	4571
1024	4572
1025	4573
1026	4574
1027	4575
1028	4576
1029	4577
1030	4578
1031	4579
1032	4580
1033	4581
1034	4582
1035	4583
1036	4584
1037	4585
1038	4586
1039	4587
1040	4588
1041	4589
1042	4590
1043	4591
1044	4592
1045	4593
1046	4594
1047	4595
1048	4596
1049	4597
1050	4598
1051	4599
1052	4600
1053	4601
1054	4602
1055	4603
1056	4604
1057	4605
1058	4606
1059	4607
1060	4608
1061	4609
1062	4610
1063	4611
1064	4612
1065	4613
1066	4614
1067	4615
1068	4616
1069	4617
1070	5192
1071	5224
1072	5193
1073	5225
1074	5194
1075	5226
1076	5322
1077	5195
1078	5227
1079	5228
1080	5229
1081	5230
1082	5231
1083	5200
1084	5232
1085	5201
1086	5233
1087	5234
1088	5203
1089	5235
1090	5204
1091	5236
1092	5205
1093	5237
1094	5206
1095	5207
1096	5176
1097	5208
1098	5177
1099	5209
1100	5178
1101	5210
1102	5179
1103	5211
1104	5180
1105	5212
1106	5181
1107	5213
1108	5182
1109	5214
1110	5183
1111	5215
1112	5184
1113	5216
1114	5185
1115	5217
1116	5218
1117	5410
1118	5219
1119	5190
1120	5191
1121	5432
1122	5433
1123	5434
1124	5435
1125	5436
1126	5437
1127	5438
1128	5439
1129	5440
1130	5441
1131	5442
1132	5443
1133	5444
1134	5445
1135	5446
1136	5447
1137	5448
1138	5449
1139	5450
1140	5451
1141	5452
1142	5453
1143	5454
1144	5455
1145	5456
1146	5457
1147	5458
1148	5459
1149	5460
1150	5461
1151	5462
1152	5463
1153	5464
1154	5465
1155	5466
1156	5467
1157	5468
1158	5469
1159	5470
1160	5471
1161	5472
1162	5473
1163	5474
1164	5475
1165	5476
1166	5477
1167	5478
1168	5479
1169	5480
1170	5481
1171	5482
1172	5483
1173	5484
1174	5485
1175	5486
1176	5487
1177	5488
1178	5489
1179	5490
1180	5491
1181	5492
1182	5493
1183	5494
1184	5495
1185	5496
1186	5497
1187	5498
1188	5499
1189	5500
1190	5501
1191	5502
1192	5503
1193	5504
1194	5505
1195	5506
1196	5507
1197	5508
1198	5509
1199	5510
1200	5511
1201	5512
1202	5513
1203	5514
1204	5515
1205	5516
1206	5517
1207	5518
1208	5519
1209	5520
1210	5521
1211	5522
1212	5523
1213	5524
1214	5525
1215	5526
1216	5527
1217	5528
1218	5529
1219	5530
1220	5531
1221	5532
1222	5533
1223	5534
1224	5535
1225	5536
1226	5537
1227	5538
1228	5539
1229	5540
1230	5541
1231	5542
1232	5543
1233	5544
1234	5545
1235	5546
1236	5547
1237	5548
1238	5549
1239	5550
1240	5551
1241	5552
1242	5553
1243	5554
1244	5555
1245	5556
1246	5557
1247	5558
1248	5559
1249	5560
1250	5561
1251	5562
1252	5563
1253	5564
1254	5565
1255	5566
1256	5567
1257	5568
1258	5569
1259	5570
1260	5571
1261	5572
1262	5573
1263	5574
1264	5575
1265	5576
1266	5577
1267	5578
1268	5579
1269	5580
1270	5581
1271	5582
1272	5583
1273	5584
1274	5585
1275	5586
1276	5587
1277	5588
1278	5589
1279	5590
1280	5591
1281	5592
1282	5593
1283	5594
1284	5595
1285	5596
1286	5597
1287	5598
1288	5599
1289	5600
1290	5601
1291	5602
1292	5603
1293	5604
1294	5605
1295	5606
1296	5607
1297	5608
1298	5609
1299	5610
1300	5611
1301	5612
1302	5613
1303	5614
1304	5615
1305	5616
1306	5617
1307	5618
1308	5619
1309	5620
1310	5621
1311	5622
1312	5623
1313	6160
1314	6161
1315	6162
1316	6163
1317	6132
1318	6164
1319	6133
1320	6165
1321	6134
1322	6166
1323	6135
1324	6167
1325	6327
1326	6136
1327	6168
1328	6137
1329	6169
1330	6138
1331	6170
1332	6139
1333	6203
1334	6140
1335	6141
1336	6142
1337	6143
1338	6208
1339	6145
1340	6146
1341	6179
1342	6148
1343	6149
1344	6313
1345	6377
1346	6314
1347	6155
1348	6315
1349	6379
1350	6156
1351	6316
1352	6157
1353	6158
1354	6159
1355	6415
1356	6416
1357	6417
1358	6418
1359	6419
1360	6420
1361	6421
1362	6422
1363	6423
1364	6424
1365	6425
1366	6426
1367	6427
1368	6428
1369	6429
1370	6430
1371	6431
1372	6432
1373	6433
1374	6434
1375	6435
1376	6436
1377	6437
1378	6438
1379	6439
1380	6440
1381	6441
1382	6442
1383	6443
1384	6444
1385	6445
1386	6446
1387	6447
1388	6448
1389	6449
1390	6450
1391	6451
1392	6452
1393	6453
1394	6454
1395	6455
1396	6456
1397	6457
1398	6458
1399	6459
1400	6460
1401	6461
1402	6462
1403	6463
1404	6464
1405	6465
1406	6466
1407	6467
1408	6468
1409	6469
1410	6470
1411	6471
1412	6472
1413	6473
1414	6474
1415	6475
1416	6476
1417	6477
1418	6478
1419	6479
1420	6480
1421	6481
1422	6482
1423	6483
1424	6484
1425	6485
1426	6486
1427	6487
1428	6488
1429	6489
1430	6490
1431	6491
1432	6492
1433	6493
1434	6494
1435	6495
1436	6496
1437	6497
1438	6498
1439	6499
1440	6500
1441	6501
1442	6502
1443	6503
1444	6504
1445	6505
1446	6506
1447	6507
1448	6508
1449	6509
1450	6510
1451	6511
1452	6512
1453	6513
1454	6514
1455	6515
1456	6516
1457	6517
1458	6518
1459	6519
1460	6520
1461	6521
1462	6522
1463	6523
1464	6524
1465	6525
1466	6526
1467	6527
1468	6528
1469	6529
1470	6530
1471	6531
1472	6532
1473	6533
1474	6534
1475	6535
1476	6536
1477	6537
1478	6538
1479	6539
1480	6540
1481	6541
1482	6542
1483	6543
1484	6544
1485	6545
1486	6546
1487	6547
1488	6548
1489	6549
1490	6550
1491	6551
1492	6552
1493	6553
1494	6554
1495	6555
1496	6556
1497	6557
1498	6558
1499	6559
1500	6560
1501	6561
1502	6562
1503	6563
1504	6564
1505	6565
1506	6566
1507	6567
1508	6568
1509	6569
1510	6570
1511	6571
1512	6572
1513	6573
1514	6574
1515	6575
1516	6576
1517	6577
1518	6578
1519	6579
1520	6580
1521	6581
1522	6582
1523	6583
1524	6584
1525	6585
1526	6586
1527	6587
1528	6588
1529	6589
1530	6590
1531	6591
1532	6592
1533	6593
1534	6594
1535	6595
1536	6596
1537	6597
1538	6598
1539	6599
1540	6600
1541	6601
1542	6602
1543	6603
1544	6604
1545	6605
1546	6606
1547	6607
1548	6608
1549	6609
1550	6610
1551	6611
1552	6612
1553	6613
1554	6614
1555	6615
1556	6616
1557	6617
1558	6618
1559	6619
1560	6620
1561	6621
1562	6622
1563	6623
1564	6624
1565	6625
1566	6626
1567	6627
1568	6628
1569	6629
1570	6630
1571	6631
1572	6632
1573	6633
1574	6634
1575	6635
1576	6636
1577	6637
1578	6638
1579	6639
1580	6640
1581	6641
1582	6642
1583	6643
1584	6644
1585	6645
1586	6646
1587	6647
1588	6648
1589	6649
1590	6650
1591	6651
1592	6652
1593	6653
1594	6654
1595	6655
1596	6656
1597	6657
1598	6658
1599	6659
1600	6660
1601	6661
1602	6662
1603	6663
1604	6664
1605	6665
1606	6666
1607	6667
1608	6668
1609	6669
1610	6670
1611	6671
1612	6672
