0	755.24	958.64	939.31	1086.48	0	1
1	1929.84	2037.72	2014.9699999999998	2152.14	0	1
2	1332.0	1621.26	1508.5	1667.31	0	2
3	868.34	1426.22	1127.95	1585.28	0	0
4	1010.38	1978.1	1127.95	2025.75	0	0
5	1306.6514874728207	2287.16	1680.4456280978206	2331.1014634781327	0	1
6	1901.0	2203.27	2030.76	2363.77	0	1
7	968.47	2388.13	1128.19	2428.4	0	2
8	1127.95	1426.22	1224.3500000000001	1541.13	0	0
9	1866.92	1053.63	2006.19	1110.5100000000002	0	0
10	1389.9081280978205	2331.1014634781327	1679.5081280978206	2394.2264634781327	0	1
11	868.0	2287.15	968.47	2439.81	0	1
12	1929.84	2152.15	2030.77	2203.27	0	1
13	755.24	628.45	939.31	958.6500000000001	0	0
14	1127.95	1541.13	1331.99	1557.92	0	1
15	868.34	1585.28	1010.38	1828.54	0	0
16	1306.6514874728207	2393.238963478133	1680.4456280978206	2438.9139634781327	0	1
17	968.47	2428.4	1128.19	2439.81	0	1
18	2030.76	2037.72	2078.27	2363.76	0	1
19	452.98	623.78	755.24	1259.73	0	0
20	1127.95	1557.92	1169.5900000000001	1734.54	0	1
21	1010.38	1585.28	1127.95	1807.59	0	0
22	968.47	2287.15	1128.19	2388.13	0	1
23	452.98	1259.73	755.24	1722.24	0	0
24	1169.59	1667.31	1508.5	1734.54	0	1
25	868.0	1828.54	1010.38	2025.75	0	0
26	806.88	2671.78	944.51	2766.8100000000004	0	0
27	452.98	1722.24	755.24	2138.0	0	0
28	1508.5	1621.26	1576.8	1734.54	0	1
29	1217.83	678.4	1323.49	834.31	0	2
30	1128.19	2439.81	1254.16	2671.7799999999997	0	1
31	1114.9	2671.78	1254.16	2766.8100000000004	0	0
32	452.98	2138.0	755.24	2671.79	0	0
33	1200.03	1086.48	1576.8	1426.22	0	0
34	755.24	1086.48	868.34	1259.73	0	1
35	1537.6	2671.78	1726.02	2738.9500000000003	0	0
36	755.24	2439.81	1127.95	2671.7799999999997	0	0
37	1224.35	1426.22	1576.8	1541.13	0	0
38	755.24	1259.73	868.34	1722.24	0	1
39	1568.08	2641.05	1688.6699999999998	2671.79	0	1
40	1254.16	2439.81	1568.0800000000002	2671.7799999999997	0	0
41	1334.98	1541.13	1576.8	1621.2600000000002	0	0
42	755.24	1722.24	868.0	2138.0	0	1
43	1568.08	2439.81	1680.8	2641.05	0	0
44	755.24	2138.0	868.0	2439.81	0	1
45	2014.97	2037.72	2030.76	2152.14	0	1
46	1680.8	2287.15	1827.6	2641.04	0	0
47	1688.66	2641.05	1922.41	2671.79	0	0
48	868.34	2025.75	1056.16	2287.15	0	0
49	1576.8	2000.13	1680.8	2287.15	0	1
50	1827.6	2481.29	1922.4199999999998	2641.05	0	0
51	1056.16	2025.75	1128.19	2287.15	0	0
52	1577.34	1734.54	1680.8	2000.1299999999999	0	1
53	1424.99	705.74	1493.8	765.87	0	0
54	1827.6	2363.77	1922.4199999999998	2481.3	0	0
55	1128.19	2000.13	1347.45	2287.16	0	0
56	1577.34	1621.26	1680.8	1734.54	0	1
57	1424.99	765.87	1493.8	825.31	0	0
58	1922.42	2363.77	2030.77	2481.3	0	0
59	1347.45	2000.13	1576.8	2287.16	0	0
60	1577.34	1426.22	1680.8	1621.26	0	1
61	1424.99	825.31	1505.27	885.9899999999999	0	2
62	1922.42	2481.29	2030.77	2671.7799999999997	0	0
63	1128.19	1734.54	1577.3400000000001	2000.1299999999999	0	0
64	1577.34	1086.48	1680.8	1426.22	0	1
65	1424.99	885.99	1505.27	949.69	0	2
66	1680.8	1851.99	1827.6	2287.15	0	0
67	1169.59	1600.2	1331.99	1667.31	0	0
68	1424.99	949.69	1550.06	995.55	0	0
69	939.31	995.55	1334.98	1086.48	0	1
70	1827.6	1892.62	1886.28	2037.7199999999998	0	0
71	1505.27	890.95	1550.06	995.55	0	0
72	1334.98	949.69	1424.99	1086.48	0	1
73	1973.42	710.85	2006.19	825.3000000000001	0	1
74	1827.6	1851.99	1866.9199999999998	1892.6200000000001	0	0
75	1493.8	623.78	1783.36	678.4	0	0
76	1918.35	765.87	1958.62	825.31	0	1
77	1424.99	995.55	1680.8	1086.48	0	1
78	1851.17	1110.51	2006.19	1196.63	0	2
79	1886.28	1892.62	2006.19	2037.7199999999998	0	0
80	1493.8	678.4	1783.36	825.3	0	0
81	1783.36	765.87	1958.62	792.74	0	1
82	1550.06	890.95	1680.8	995.5500000000001	0	1
83	1866.92	1308.04	1950.8100000000002	1380.1299999999999	0	2
84	1783.36	792.74	1918.35	825.3	0	0
85	1680.8	1479.75	1721.77	1523.0	0	1
86	1875.95	2037.72	1929.8300000000002	2203.26	0	2
87	1505.27	825.3	1973.42	890.9499999999999	0	0
88	1721.77	1479.75	2006.18	1523.0	0	1
89	1827.6	2203.27	1901.0	2287.16	0	2
90	1958.62	710.85	1973.4199999999998	825.3000000000001	0	0
91	1973.42	1254.29	2006.19	1479.74	0	1
92	1827.6	2287.15	1901.0	2363.76	0	2
93	1783.36	674.57	2006.1899999999998	710.85	0	0
94	1950.81	1308.04	1973.4199999999998	1418.1399999999999	0	1
95	1010.38	1807.59	1127.95	1978.1	0	1
96	1783.36	710.85	1958.62	765.87	0	0
97	1866.92	1418.14	1973.42	1479.74	0	0
98	1866.92	1380.13	1950.8100000000002	1418.14	0	0
99	1866.92	1851.99	2006.18	1892.6200000000001	0	0
100	1323.49	678.4	1424.99	949.69	0	1
101	1680.8	1110.51	1851.17	1196.63	0	0
102	1424.99	678.4	1493.8	705.74	0	0
103	1339.63	623.78	1493.8000000000002	678.4	0	1
104	395.64	589.38	452.98	1241.46	0	1
105	1217.83	623.78	1339.6299999999999	678.4	0	1
106	1680.8	1196.63	1866.92	1479.7400000000002	0	0
107	1043.33	623.78	1131.76	834.31	0	0
108	1680.8	1523.0	1887.6632294124981	1851.3918372749988	0	0
109	452.98	589.38	834.73	623.79	0	1
110	1866.92	1196.63	1969.16	1308.0400000000002	0	1
111	1680.8	894.12	1866.92	1110.51	0	0
112	1131.76	623.78	1217.83	834.31	0	0
113	1887.6632294124981	1523.0	2006.8306150124974	1850.768426074999	0	0
114	834.73	564.8	1806.3000000000002	623.78	0	1
115	1969.16	1196.63	2006.3300000000002	1254.2900000000002	0	1
116	1866.92	894.12	2006.3300000000002	1053.63	0	0
117	1043.33	834.31	1323.49	949.6899999999999	0	0
118	1128.19	2287.15	1306.6514874728207	2441.0829087906327	0	1
119	939.31	623.78	1043.33	995.55	0	1
120	1827.6	2037.72	1875.9499999999998	2203.26	0	1
121	1169.59	1557.92	1331.99	1600.2	0	1
122	868.34	1086.48	1200.03	1426.22	0	0
123	1043.33	949.69	1334.98	995.5500000000001	0	0
124	1306.6514874728207	2331.538963478133	1389.9081280978205	2393.238963478133	0	0
125	1526.43	2011.38	1715.8400000000001	2194.54	1	0
126	1437.27	2115.01	1526.43	2426.32	1	1
127	1820.64	2627.15	1970.46	2751.01	1	0
128	1226.09	2622.57	1526.4299999999998	2841.51	1	0
129	1715.85	2011.38	1751.7099999999998	2183.48	1	0
130	1480.62	2426.33	1526.4299999999998	2622.5699999999997	1	1
131	1752.08	1247.53	1914.4699999999998	1302.46	1	0
132	404.31	2251.16	664.95	2841.5099999999998	1	0
133	1751.7	2048.98	1914.47	2183.4700000000003	1	0
134	665.4	2632.77	1049.34	2841.51	1	0
135	1843.89	2011.38	1914.47	2048.98	1	0
136	1526.43	2194.53	1715.8400000000001	2238.13	1	1
137	1526.43	1370.54	1736.21	1448.95	1	0
138	1751.7	2011.38	1843.89	2048.98	1	0
139	1664.84	2238.13	1715.84	2539.07	1	1
140	944.97	1817.92	1049.3400000000001	1888.72	1	0
141	1526.43	1448.94	1752.0800000000002	1650.2	1	0
142	1526.86	1693.09	1914.4699999999998	2011.3799999999999	1	0
143	1715.85	2484.26	1865.75	2539.07	1	1
144	1609.97	1090.81	1914.47	1247.53	1	0
145	1807.97	2539.07	1865.74	2578.98	1	1
146	1526.86	1240.11	1609.9699999999998	1370.54	1	0
147	1807.97	2578.98	1970.45	2627.15	1	1
148	1865.75	2330.3	1970.24	2578.98	1	0
149	1609.97	1247.53	1752.08	1302.46	1	0
150	1399.71	886.41	1476.81	1156.99	1	0
151	1815.1	2183.47	1891.1399999999999	2285.9399999999996	1	1
152	1142.62	886.41	1234.6699999999998	1090.81	1	2
153	1609.97	1302.46	1736.21	1370.54	1	0
154	764.02	1255.98	1226.29	1602.66	1	0
155	1782.6	2335.11	1815.1	2484.25	1	1
156	1736.21	1302.46	1914.47	1382.98	1	2
157	1476.81	896.37	1620.97	1090.81	1	0
158	1226.29	1255.98	1426.49	1346.8	1	0
159	1815.1	2285.95	1891.1399999999999	2432.5	1	1
160	1620.97	886.41	1914.47	1090.81	1	0
161	1226.29	1346.8	1426.49	1602.6599999999999	1	0
162	1815.1	2432.5	1865.75	2484.26	1	1
163	944.97	1970.51	1049.3400000000001	2127.37	1	1
164	441.8	832.15	773.5799999999999	1156.99	1	0
165	1121.11	2191.01	1437.27	2426.32	1	0
166	763.72	2426.33	1049.3400000000001	2484.77	1	1
167	1715.85	2183.47	1815.1	2340.95	1	2
168	773.58	848.06	892.0	1156.98	1	0
169	1049.34	2426.33	1226.09	2841.5099999999998	1	1
170	664.95	2484.76	1049.33	2632.7700000000004	1	2
171	404.94	1138.94	441.8	1435.22	1	0
172	1226.09	2426.33	1480.6299999999999	2476.17	1	1
173	1332.92	1090.81	1399.71	1147.94	1	2
174	441.8	1156.99	665.4	1435.22	1	0
175	944.97	2173.14	1121.11	2426.33	1	0
176	1226.09	2561.16	1480.6299999999999	2622.5699999999997	1	1
177	1332.92	1029.88	1399.71	1090.8100000000002	1	2
178	913.05	1817.92	944.9699999999999	2085.95	1	0
179	764.57	2085.95	944.97	2426.3199999999997	1	0
180	763.72	1602.66	1032.0700000000002	1732.29	1	1
181	1752.08	1489.3	1831.9399999999998	1556.19	1	2
182	763.72	1732.29	913.0500000000001	2085.95	1	0
183	1032.07	1602.66	1426.49	1704.21	1	1
184	1715.85	2340.95	1782.6	2420.61	1	2
185	665.4	1255.98	763.72	1888.72	1	1
186	1049.34	1905.84	1121.11	2183.3599999999997	1	0
187	913.05	1732.29	1032.07	1817.92	1	0
188	1526.43	1650.2	1615.06	1693.0900000000001	1	1
189	1715.85	2420.61	1782.6	2484.25	1	2
190	665.4	1888.72	763.72	2251.16	1	1
191	1121.11	1905.84	1423.09	2115.0099999999998	1	0
192	989.59	848.06	1142.6100000000001	1147.94	1	0
193	1615.06	1650.2	1752.08	1693.0900000000001	1	1
194	944.97	1888.72	1049.3400000000001	1970.51	1	1
195	665.4	2251.16	763.72	2484.25	1	1
196	1121.11	2115.01	1437.27	2191.01	1	0
197	1752.08	1655.24	1914.4699999999998	1693.08	1	1
198	1752.08	1556.19	1831.9399999999998	1592.81	1	1
199	1426.49	1240.1	1526.8600000000001	1606.0	1	1
200	1135.1269277343329	1147.94	1275.326927734333	1170.2484349810288	1	0
201	773.58	392.53	1142.6200000000001	516.76	1	1
202	944.97	2127.37	1049.3400000000001	2173.15	1	1
203	1751.7	1592.82	1849.02	1655.25	1	1
204	1426.48	1602.66	1526.17	1905.8400000000001	1	1
205	989.59	1147.94	1135.4073964843328	1254.3398412310291	1	1
206	745.72	516.76	1142.62	762.93	1	1
207	1736.21	1382.98	1914.47	1448.95	1	1
208	1089.95	1704.21	1423.0900000000001	1817.92	1	2
209	1135.4073964843328	1170.2484349810288	1274.9073964843328	1256.3398412310291	1	1
210	773.58	762.93	1142.6200000000001	848.06	1	1
211	1752.08	1448.94	1831.9399999999998	1489.3	1	1
212	1274.9073964843328	1147.94	1399.4073964843328	1257.3398412310291	1	1
213	892.0	848.06	989.59	1255.97	1	1
214	1831.94	1448.94	1914.47	1592.81	1	1
215	1032.07	1704.21	1089.95	1905.84	1	1
216	404.94	1435.22	665.4	1882.24	1	0
217	665.4	1156.99	892.0	1255.98	1	1
218	1849.03	1592.82	1914.47	1655.25	1	1
219	404.31	1882.24	665.4	2251.16	1	0
220	1142.62	1090.81	1332.9199999999998	1147.94	1	1
221	1226.09	2476.16	1480.6299999999999	2561.16	1	0
222	1399.71	1156.99	1426.48	1255.98	1	1
223	1234.67	1005.36	1332.92	1090.81	1	1
224	1476.81	1090.81	1609.97	1156.98	1	1
225	1261.04	886.41	1332.92	1005.36	1	1
226	1426.49	1156.99	1609.97	1240.1100000000001	1	1
227	1332.92	886.41	1399.71	1029.8799999999999	1	1
228	1526.43	2238.13	1664.8400000000001	2539.07	1	0
229	1234.67	886.41	1261.04	1005.36	1	1
230	1526.43	2539.07	1813.8500000000001	2841.51	1	0
231	1423.09	1905.84	1526.4299999999998	2115.0099999999998	1	1
232	1813.85	2751.01	1970.24	2841.5	1	1
233	1807.97	2627.15	1820.64	2781.54	1	0
234	760.43	1782.19	760.6899999999999	1783.17	2	0
235	973.71	2026.99	1079.3	2188.73	2	1
236	684.67	1954.58	760.43	2248.8599999999997	2	1
237	1372.35	937.7	1427.35	1056.76	2	1
238	1953.22	2401.77	2011.82	2554.42	2	0
239	684.67	2249.45	760.43	2568.08	2	1
240	1562.32	908.74	1903.63	1092.2	2	0
241	1372.35	1056.76	1445.1599999999999	1117.78	2	2
242	1445.17	1185.92	1564.0	1264.19	2	1
243	1858.93	2832.06	2011.81	2906.49	2	1
244	1638.8	1279.9	1663.24	1341.3200000000002	2	0
245	1022.54	400.48	1173.02	653.11	2	0
246	1372.35	1117.78	1445.1599999999999	1177.07	2	2
247	1564.0	1092.2	1663.24	1264.18	2	1
248	1791.82	1420.73	1808.9099999999999	1487.42	2	1
249	1663.24	1092.2	1791.82	1341.3200000000002	2	0
250	1808.91	1528.41	1887.63	1598.7	2	2
251	1564.0	1264.19	1663.24	1279.91	2	1
252	1808.91	1420.73	1887.63	1528.4	2	1
253	1791.82	1092.2	1903.6299999999999	1279.9	2	0
254	1022.54	653.11	1173.02	869.7	2	0
255	1639.76	2068.23	1808.91	2109.64	2	0
256	1769.16	2494.91	1839.65	2560.43	2	2
257	1564.0	1279.9	1638.81	1687.39	2	1
258	1887.64	1420.73	1975.8300000000002	1491.46	2	1
259	1791.82	1279.91	1808.58	1334.8400000000001	2	0
260	1022.54	869.7	1173.02	1185.92	2	0
261	1903.9	2068.23	1976.46	2109.64	2	0
262	1769.16	2401.77	1839.65	2494.91	2	2
263	1887.64	1491.46	1909.5800000000002	1701.04	2	1
264	1903.63	1137.27	1976.13	1279.9	2	0
265	477.95	866.1	945.58	1183.66	2	0
266	1639.76	2109.64	1976.45	2209.8599999999997	2	0
267	633.7	2520.29	683.07	2713.37	2	1
268	945.58	866.1	995.2	934.19	2	1
269	1909.57	1491.46	1976.1299999999999	1701.04	2	1
270	1639.77	1487.42	1808.58	1701.04	2	0
271	435.96	1183.66	684.66	1381.0900000000001	2	0
272	1639.76	2209.86	1927.65	2248.86	2	0
273	633.7	2713.38	1113.24	2754.1800000000003	2	1
274	959.55	481.08	1022.54	869.7	2	1
275	1808.91	1637.37	1887.63	1701.04	2	1
276	1639.77	1341.32	1791.82	1487.4199999999998	2	0
277	435.96	1381.09	684.66	1582.51	2	0
278	1164.57	2512.42	1366.99	2644.7400000000002	2	0
279	959.55	436.3	1059.49	481.08	2	1
280	1808.91	1598.7	1887.63	1637.3700000000001	2	1
281	813.72	653.11	959.5500000000001	811.8	2	0
282	436.87	1582.5	684.6700000000001	1765.22	2	0
283	1366.99	2512.42	1562.91	2644.7400000000002	2	0
284	1271.02	908.74	1301.1	967.7	2	1
285	797.65	383.84	1060.94	436.29999999999995	2	1
286	1808.58	1742.22	1909.57	1958.28	2	0
287	797.65	811.8	883.74	875.0699999999999	2	0
288	436.87	1765.22	684.6700000000001	1954.58	2	0
289	1301.1	908.74	1372.35	1026.45	2	1
290	1808.58	2068.23	1903.8899999999999	2109.64	2	0
291	883.74	811.8	960.03	866.0999999999999	2	0
292	436.87	1954.59	684.6700000000001	2155.37	2	0
293	1909.57	1816.08	1976.4499999999998	1866.1699999999998	2	1
294	1271.02	1026.45	1372.35	1117.78	2	1
295	1808.58	1958.29	1976.4499999999998	2068.24	2	0
296	797.65	436.3	960.03	486.12	2	0
297	436.87	2155.37	684.67	2357.89	2	0
298	1909.57	1742.22	1976.4499999999998	1816.07	2	1
299	1173.02	1117.78	1372.36	1177.07	2	1
300	1909.57	1866.16	1976.4499999999998	1958.2800000000002	2	0
301	813.72	486.12	960.03	653.11	2	0
302	436.87	2357.89	683.07	2568.08	2	0
303	1661.0	1701.05	1976.46	1742.23	2	1
304	1372.35	908.74	1445.1599999999999	937.7	2	0
305	797.65	486.12	813.72	811.8	2	1
306	760.7	1783.17	1053.35	1869.52	2	0
307	435.96	2568.08	633.7	2906.49	2	0
308	1639.76	1742.22	1808.91	2068.23	2	0
309	1427.35	937.7	1445.1599999999999	1056.76	2	0
310	767.13	522.39	797.65	777.51	2	1
311	760.43	1869.52	973.7099999999999	2108.17	2	0
312	760.43	1264.19	945.65	1687.39	2	0
313	760.64	2514.86	1062.83	2571.42	2	0
314	1562.9	2512.42	1638.8000000000002	2703.13	2	1
315	1903.63	908.74	1975.8200000000002	1137.27	2	0
316	1444.96	1869.52	1562.9	1943.98	2	0
317	1022.4	1264.19	1315.52	1484.19	2	0
318	1445.17	908.74	1562.32	1185.92	2	0
319	1074.61	2644.74	1562.8999999999999	2703.1299999999997	2	1
320	1808.91	1279.9	1975.8200000000002	1334.8300000000002	2	0
321	1477.2	1943.98	1562.9	2261.63	2	0
322	1022.4	1484.19	1315.52	1687.39	2	0
323	1074.61	2703.13	1113.24	2713.38	2	1
324	1858.93	2692.31	2011.81	2832.06	2	0
325	1173.02	1177.08	1299.8436293372692	1196.0646887861903	2	0
326	1315.52	1264.19	1433.3799999999999	1471.94	2	0
327	1062.83	2512.42	1164.57	2571.42	2	1
328	1355.043629337269	1177.08	1445.243629337269	1196.4646887861904	2	0
329	1315.52	1471.94	1564.0	1687.39	2	0
330	1074.61	2571.42	1164.57	2644.7400000000002	2	1
331	973.71	1869.52	1079.3	1943.98	2	0
332	1173.02	1196.4646887861904	1446.1780043372692	1263.4748450361901	2	1
333	1433.38	1264.19	1564.0	1471.94	2	0
334	1062.83	2452.05	1639.77	2512.42	2	1
335	1858.93	2554.42	2011.82	2692.31	2	0
336	1299.8436293372692	1177.08	1354.978004337269	1197.6748450361902	2	1
337	586.16	2713.38	865.7	2906.49	2	0
338	760.64	2452.05	1062.83	2514.86	2	1
339	995.2	869.7	1021.58	934.19	2	1
340	1562.91	1687.39	1640.053890055638	1742.7342475592322	2	1
341	865.7	2703.13	1264.6	2906.49	2	0
342	973.71	1943.98	1079.3	2026.99	2	1
343	1021.58	1185.92	1173.02	1264.19	2	1
344	1053.35	1687.39	1564.0603521528062	1743.5567916571329	2	1
345	1264.6	2703.13	1571.3	2906.5	2	0
346	760.43	1687.39	1053.35	1782.19	2	1
347	1571.31	2703.13	1858.93	2906.49	2	0
348	1459.43	1742.22	1639.77	1869.52	2	1
349	1638.8	2560.44	1924.9099999999999	2611.71	2	1
350	1639.76	2611.71	1858.93	2745.91	2	0
351	1564.0	1869.52	1639.76	2452.05	2	1
352	1874.02	2248.86	1953.22	2401.77	2	1
353	1639.76	2248.86	1769.15	2560.44	2	0
354	1053.35	1742.22	1459.4199999999998	1869.52	2	2
355	1839.65	2401.77	1953.23	2505.31	2	1
356	1258.56	2261.63	1562.9	2452.05	2	0
357	684.67	2571.42	1074.61	2713.37	2	2
358	1638.8	1701.05	1660.99	1742.23	2	1
359	1839.65	2505.31	1924.92	2560.43	2	1
360	973.71	2237.56	1079.3	2267.22	2	0
361	1173.02	908.74	1271.02	1117.78	2	2
362	945.65	1264.19	1022.39	1687.39	2	1
363	973.71	2267.22	1258.5700000000002	2452.0499999999997	2	0
364	1791.82	1334.84	1975.82	1420.74	2	2
365	760.43	1183.66	945.65	1264.19	2	1
366	684.66	1185.92	760.43	1582.51	2	1
367	760.7	2108.17	973.71	2452.05	2	0
368	1769.16	2249.45	1874.0300000000002	2401.77	2	2
369	945.09	934.19	1021.57	1264.19	2	1
370	684.66	1582.5	760.43	1954.59	2	1
371	456.86	1850.34	673.2	2090.4	3	0
372	673.2	2505.76	808.1700000000001	2554.0	3	1
373	1062.13	321.12	1178.99	334.34000000000003	3	1
374	791.9	364.33	941.3687010546925	512.3584678125067	3	0
375	456.86	2090.4	673.2	2329.15	3	0
376	1087.08	2505.76	1169.8899999999999	2554.0	3	1
377	791.9	512.9984678125066	943.2887010546925	680.038467812506	3	0
378	423.05	2389.37	456.86	2554.0	3	0
379	625.36	2514.81	673.2	2753.81	3	1
380	791.9	680.038467812506	942.6487010546925	811.8784678125056	3	0
381	456.86	2389.37	625.36	2554.0	3	0
382	1656.02	1673.71	1784.9099999999999	1735.78	3	1
383	673.2	2554.0	783.1800000000001	2753.81	3	1
384	625.36	2329.15	673.2	2514.81	3	0
385	756.02	1758.14	983.6	1844.52	3	0
386	783.18	2554.0	1169.8899999999999	2580.3	3	1
387	1018.63	457.95846781250685	1179.4487010546916	580.8384678125065	3	0
388	456.86	2329.15	625.36	2389.37	3	0
389	756.02	1844.47	974.0	2082.07	3	0
390	1075.17	2580.3	1169.89	2703.8100000000004	3	1
391	1384.06	863.22	1460.06	891.12	3	1
392	1018.63	580.8384678125065	1179.796477054692	708.3276838125059	3	0
393	422.02	2554.0	552.75	2906.5	3	0
394	783.18	2685.29	1075.17	2753.81	3	1
395	1434.92	891.12	1460.0600000000002	1015.12	3	1
396	1018.63	708.838467812506	1180.206077054692	826.7020838125055	3	0
397	552.75	2554.0	625.36	2703.81	3	0
398	1075.17	2703.81	1117.75	2753.81	3	1
399	1178.99	863.22	1281.06	1078.44	3	2
400	1018.63	334.34	1180.3884770546922	457.4684838125072	3	0
401	552.75	2703.81	625.36	2906.5	3	0
402	1169.89	2639.56	1656.5700000000002	2703.81	3	1
403	1811.02	1299.71	2002.57	1386.6000000000001	3	2
404	1834.12	863.22	2004.1208039531236	1051.33225800625	3	1
405	941.3687010546925	364.33	1019.0317215593897	1221.365921914505	3	1
406	1489.72	1844.52	1578.51	2232.83	3	0
407	625.36	2753.81	772.15	2906.5	3	0
408	808.17	2505.76	948.5799999999999	2554.0	3	1
409	1578.51	2505.76	1656.57	2639.5600000000004	3	1
410	974.01	2007.07	1084.01	2224.0699999999997	3	1
411	1907.36	1049.71	2000.3061066874986	1103.21214081875	3	1
412	940.0	1221.365921914505	1020.2258171709619	1666.4176873564	3	1
413	772.15	2753.81	863.35	2872.21	3	0
414	948.58	2505.76	1087.08	2554.0	3	1
415	1656.57	2554.23	1684.1499999999999	2703.81	3	1
416	783.18	2580.3	1075.17	2685.28	3	2
417	1834.12	1098.25	2001.8319855937486	1246.6447580062497	3	1
418	673.2	1661.6	756.8067922266572	1759.5865873693701	3	1
419	863.35	2753.81	1178.2	2872.21	3	0
420	791.9	321.12	941.01	364.33	3	1
421	1684.15	2554.23	1901.75	2710.46	3	0
422	1792.21	2237.43	1895.7	2396.5099999999998	3	2
423	1655.63	863.22	1835.0993167171011	1050.2921569549196	3	0
424	1577.6299999999999	1661.9776680075283	1654.104403463228	1845.6867079138028	3	1
425	1117.75	2703.81	1178.2	2753.81	3	0
426	1901.75	2554.23	1932.15	2714.61	3	1
427	1119.17	1735.78	1445.54	1844.52	3	2
428	1655.63	1049.71	1836.6590212592625	1240.4664012991548	3	0
429	754.02	1666.1444522940287	983.1773557337373	1756.6857199072122	3	1
430	1932.15	2554.23	1948.5400000000002	2608.21	3	1
431	1384.06	891.12	1434.9199999999998	1015.12	3	1
432	1656.5700000000002	1240.4664012991548	1830.6985567817235	1302.455231865561	3	0
433	983.1773557337373	1666.4176873564	1578.4898557337365	1733.6388449072122	3	1
434	456.86	989.45	633.69	1137.44	3	0
435	1861.29	2396.51	1895.7	2554.23	3	1
436	1384.06	1015.12	1460.06	1078.44	3	2
437	1656.5700000000002	1299.71	1809.0497683295753	1455.9060070120452	3	0
438	983.1773557337373	1733.6388449072122	1122.122368970737	1845.8183550714741	3	1
439	1573.2	2703.81	1684.15	2872.21	3	0
440	633.69	1098.25	941.02	1137.44	3	1
441	1895.7	2396.51	2002.5700000000002	2498.9100000000003	3	1
442	1384.06	1078.44	1460.06	1137.44	3	2
443	1656.5700000000002	1455.9060070120452	1829.801721454575	1678.073975762045	3	0
444	1445.8879939707365	1733.58	1578.4898557337365	1844.5214800714741	3	1
445	1684.15	2710.45	1901.75	2886.6099999999997	3	0
446	673.2	1137.44	940.8600000000001	1225.6000000000001	3	1
447	1895.7	2498.91	1948.54	2554.23	3	1
448	1830.02	1500.23	1918.08	1570.27	3	2
449	756.02	1225.6000000000001	943.0836304435296	1393.4229805075286	3	0
450	1656.57	2246.62	1792.21	2554.22	3	0
451	673.2	1225.6	755.6400000000001	1661.6	3	1
452	1895.7	2237.43	2002.5700000000002	2396.5099999999998	3	1
453	1792.21	2396.51	1861.29	2485.3900000000003	3	2
454	756.02	1393.4229805075286	943.6939820060296	1548.4522773825283	3	0
455	1656.57	1735.78	1679.06	1780.52	3	1
456	1792.21	2485.39	1861.29	2554.23	3	2
457	756.02	1548.4522773825283	944.3043335685296	1661.9776680075283	3	0
458	1655.63	1780.52	1830.02	2052.01	3	0
459	1577.63	1049.71	1656.0200000000002	1661.6	3	1
460	1679.06	1735.78	1830.02	1780.52	3	1
461	974.01	1844.47	1084.01	1922.27	3	0
462	973.11	2224.07	1065.0436743506953	2444.983620842611	3	0
463	1656.57	2052.01	1792.21	2246.63	3	0
464	1784.91	1673.71	1830.02	1735.78	3	1
465	974.01	1922.27	1084.01	2007.07	3	0
466	1065.0436743506953	2253.21	1280.1596411475698	2445.5216457449546	3	0
467	1792.21	2052.01	1830.02	2237.4300000000003	3	0
468	1178.99	1078.44	1384.06	1137.44	3	1
469	1830.02	1673.71	2002.57	1717.8	3	1
470	1830.02	1245.71	2002.57	1299.71	3	0
471	1489.72	2232.83	1578.8705786475696	2443.2950832449546	3	0
472	755.64	2082.08	974.0	2442.99	3	0
473	1830.02	2091.56	1946.61	2237.43	3	0
474	1281.06	982.46	1384.06	1078.44	3	1
475	1933.51	1717.8	2002.57	1792.77	3	1
476	1830.02	1608.77	1933.51	1673.71	3	0
477	1280.1596411475698	2253.21	1488.5385473975696	2443.2950832449546	3	0
478	456.86	809.4	786.5	989.45	3	0
479	1926.47	2046.76	2002.57	2091.56	3	0
480	1311.21	863.22	1384.06	982.46	3	1
481	1933.51	1792.76	2002.57	1844.51	3	1
482	1830.02	1717.8	1933.51	1938.6	3	0
483	1019.65	1225.6	1156.799598575549	1444.129071434654	3	0
484	633.69	989.45	786.5	1098.25	3	0
485	1946.61	2091.56	2002.57	2193.65	3	0
486	1830.02	1570.27	1918.08	1608.77	3	1
487	1933.51	1844.52	2002.57	1938.6	3	0
488	1019.65	1443.35	1154.510780216174	1666.1444522940287	3	0
489	786.5	809.4	940.86	1098.25	3	0
490	1946.61	2193.64	2002.57	2237.42	3	0
491	1281.06	863.22	1311.21	923.07	3	1
492	1918.08	1455.71	2002.57	1608.77	3	1
493	1830.02	1938.6	2002.57	2046.76	3	0
494	1154.510780216174	1225.6000000000001	1298.7063368567988	1441.077313622154	3	0
495	1018.63	825.29	1177.56	1137.44	3	0
496	1178.2	2703.81	1381.95	2872.21	3	0
497	1830.02	2046.76	1926.47	2091.56	3	0
498	1933.51	1608.77	2002.57	1673.71	3	1
499	1154.510780216174	1443.35	1294.194618106799	1665.1068546377787	3	0
500	1381.95	2703.81	1573.2	2872.21	3	0
501	1460.06	863.22	1577.6299999999999	1146.33	3	0
502	1811.02	1386.6	2002.57	1455.7099999999998	3	1
503	1948.54	2554.23	2002.57	2608.21	3	0
504	1294.194618106799	1225.6000000000001	1436.255164981799	1445.1361515127794	3	0
505	456.86	1137.44	673.2	1296.14	3	0
506	1577.63	863.22	1656.0200000000002	1049.71	3	0
507	1830.02	1455.71	1918.08	1500.23	3	1
508	1932.15	2608.21	2002.5700000000002	2714.61	3	0
509	1295.23	1443.35	1432.593055606799	1664.2523624502792	3	0
510	456.86	1296.14	673.2	1452.94	3	0
511	673.2	1758.14	755.6400000000001	2442.98	3	1
512	1901.75	2714.61	2002.57	2872.21	3	0
513	1434.9199999999998	1225.6000000000001	1579.4892958411742	1444.1359073721549	3	0
514	456.86	1452.94	673.2	1608.3400000000001	3	0
515	1578.51	1844.47	1655.63	2442.98	3	1
516	1434.9199999999998	1441.077313622154	1578.7263563880492	1663.8624698721544	3	0
517	456.86	1608.34	673.2	1850.34	3	0
518	673.2	2442.98	1655.63	2505.76	3	1
519	1018.63	1137.44	1577.63	1225.6000000000001	3	1
520	1169.8899999999999	2505.76	1583.098895214847	2641.7580433593757	3	0
521	1838.15	1165.02	1887.5300000000002	1312.83	4	0
522	964.02	1806.94	1105.8	1820.91	4	1
523	413.84	1206.639739950815	645.3846029052327	1295.4889220797213	4	0
524	1086.277875545788	1516.0823106461007	1267.3691841395378	1743.7159776382882	4	0
525	1456.67	923.3	1492.8200000000002	1212.83	4	0
526	1105.8	1741.8	1459.32	1806.94	4	1
527	413.84	1295.4889220797213	646.0371450194903	1486.5230865084316	4	0
528	1265.8066841395378	1293.19	1461.9004341395375	1515.9816026382887	4	0
529	1492.82	930.28	1684.4199999999998	1165.02	4	0
530	957.55	2098.1	1072.3	2317.83	4	1
531	1459.32	1741.8	1579.3899999999999	1929.1599999999999	4	1
532	413.84	1486.5230865084316	647.5996450194903	1688.4762115084313	4	0
533	1265.82	1516.0823106461007	1459.1660591395375	1742.9347276382882	4	0
534	1492.82	1165.02	1658.78	1212.83	4	0
535	605.77	2565.52	647.87	2618.08	4	0
536	1579.39	1293.19	1659.2900000000002	2595.66	4	1
537	734.88	1820.9099999999999	958.790440917927	2171.7306441866526	4	0
538	761.39	2680.52	1061.3899999999999	2788.9	4	2
539	647.87	2595.66	1659.29	2649.5	4	1
540	734.95	2172.95	958.790440917927	2598.3663863741517	4	0
541	1459.1660591395375	1515.9816026382887	1579.0879341395373	1744.1066026382882	4	0
542	1860.9	2728.11	1911.27	2810.1400000000003	4	0
543	414.12	2359.69031520716	649.0656331786702	2562.9373855196595	4	0
544	1459.1660591395375	1293.19	1578.4627581866266	1515.734269302413	4	0
545	1105.8	1806.94	1459.32	1929.15	4	2
546	1961.29	2656.53	2007.69	2820.13	4	0
547	1054.31	2649.5	1153.6399999999999	2680.51	4	1
548	414.12	2113.938362082161	647.4054769286702	2360.0321120821604	4	0
549	950.04	377.84	1168.6299999999999	479.9724999999999	4	0
550	1812.84	1370.65	2007.84	1459.71	4	2
551	1061.39	2680.52	1153.63	2810.14	4	1
552	413.84	1688.08	648.7665609130453	1906.2784499727866	4	0
553	950.04	476.8124999999999	1170.5499999999997	554.8525	4	0
554	414.12	2565.52	605.77	2820.89	4	0
555	1799.89	2326.09	1907.1100000000001	2495.9500000000003	4	2
556	1955.42	2291.85	2006.9	2326.0899999999997	4	0
557	414.12	1906.2784499727866	649.5295003661703	2116.849739035286	4	0
558	950.04	556.15	1167.9899999999998	621.4124999999999	4	0
559	503.28	2857.03	566.27	3005.29	4	0
560	1169.62	923.3	1276.01	1140.99	4	2
561	605.77	2863.09	1109.9396184691961	3008.0673284136406	4	0
562	950.04	621.4124999999999	1169.2699999999998	684.7724999999999	4	0
563	566.27	2820.89	605.77	3005.2799999999997	4	0
564	1380.5	951.05	1436.16	1078.49	4	1
565	605.77	2618.08	647.87	2863.09	4	1
566	773.76	442.89	866.5499999999998	603.4925	4	0
567	1380.5	1078.49	1456.67	1140.99	4	2
568	1276.01	923.3	1305.8	983.76	4	1
569	647.87	2649.5	868.1	2680.51	4	1
570	1887.53	1165.02	2005.570255687999	1314.0919540100513	4	0
571	773.76	603.8124999999999	866.5499999999998	757.0924999999999	4	0
572	1380.5	1140.99	1456.67	1203.98	4	2
573	647.87	2680.52	761.38	2863.09	4	1
574	1684.4199999999998	930.28	2007.8068889887802	1164.6873519592705	4	0
575	773.76	757.8124999999999	866.32	872.9224999999998	4	0
576	1838.15	1574.75	1926.17	1648.15	4	2
577	1305.79	923.3	1380.5	1203.98	4	1
578	761.39	2788.9	1061.3899999999999	2863.09	4	1
579	1887.5300000000002	1165.02	2008.1707157404894	1310.609650390667	4	0
580	1459.32	1929.16	1578.1599999999999	2321.33	4	0
581	1799.89	2495.95	1870.39	2586.18	4	2
582	1276.01	1041.87	1305.8	1203.98	4	1
583	1061.39	2810.14	1111.0800000000002	2863.0899999999997	4	1
584	1469.95	2321.33	1578.15	2344.67	4	0
585	1799.89	2586.18	1870.39	2656.5299999999997	4	2
586	1169.62	1140.99	1276.01	1203.98	4	1
587	414.12	2820.89	503.28	3005.2799999999997	4	0
588	1658.77	2663.13	1801.332035473156	2729.409680145305	4	1
589	1361.75	2317.83	1469.95	2344.67	4	0
590	1684.42	930.28	1695.22	1165.02	4	0
591	1380.5	923.3	1456.67	951.05	4	1
592	1870.39	2495.95	2008.22	2612.14	4	1
593	1801.332035473156	2656.53	1862.082035473156	2730.659680145305	4	1
594	1361.75	2344.67	1578.16	2595.66	4	0
595	1436.16	951.05	1456.67	1078.49	4	1
596	1870.39	2612.13	1961.2900000000002	2656.53	4	1
597	1579.39	2649.5	1658.8576214106565	2729.278430145305	4	1
598	1860.9	2656.53	1961.2900000000002	2728.1000000000004	4	1
599	1157.45	2317.83	1361.75	2595.66	4	0
600	701.61	377.84	769.47	453.51	4	1
601	1907.11	2326.09	1987.58	2495.9500000000003	4	1
602	1911.27	2728.11	1961.29	2820.1400000000003	4	1
603	957.55	2321.33	1157.45	2595.66	4	0
604	1838.15	1312.83	2007.8400000000001	1370.6399999999999	4	0
605	769.46	377.84	831.3100000000001	442.88	4	1
606	1109.9396184691961	2863.09	1271.8613811762812	3004.407043426554	4	0
607	1659.33	2326.09	1799.8899999999999	2663.13	4	0
608	831.31	377.84	950.04	442.88	4	1
609	1945.34	1755.65	2007.1699999999998	1874.1000000000001	4	1
610	1109.9396184691961	2808.629345672648	1269.5725628169062	2864.026184051554	4	1
611	769.46	442.89	866.78	453.52	4	0
612	1659.33	2100.96	1838.1499999999999	2326.09	4	0
613	866.79	442.89	946.52	858.96	4	1
614	1945.34	1874.1	2007.1699999999998	1927.85	4	1
615	1838.15	2181.58	1955.42	2326.09	4	0
616	866.84	858.96	961.5600000000001	874.59	4	1
617	1688.81	1755.65	1945.03	1798.46	4	1
618	1153.63	2744.5	1496.928877476024	2813.0743455582065	4	1
619	1955.42	2181.58	2008.22	2291.84	4	0
620	734.95	1595.48	880.57	1741.8	4	0
621	1837.53	1688.35	1945.03	1755.6499999999999	4	0
622	881.62	874.59	961.55	1203.98	4	1
623	1659.09	1755.65	1688.81	1798.46	4	1
624	1267.22	2808.629345672648	1494.487471226024	3005.457158058206	4	1
625	1938.15	2135.96	2006.9	2181.59	4	0
626	734.95	1437.98	880.57	1595.48	4	0
627	1837.53	1798.46	1945.34	2024.08	4	0
628	647.87	1203.98	1169.62	1293.19	4	1
629	1838.15	1648.15	1926.17	1688.3500000000001	4	1
630	1492.82	2728.1000000000004	1694.4041582377426	3005.908513038675	4	0
631	1838.15	2135.96	1938.15	2181.59	4	0
632	734.95	1293.19	881.62	1437.98	4	0
633	1838.15	2024.08	2006.9	2135.95	4	0
634	1169.62	1203.98	1658.77	1293.19	4	1
635	1926.17	1537.35	2007.8400000000001	1688.35	4	1
636	1694.4041582377426	2728.1000000000004	1799.3846269877426	2994.189763038675	4	0
637	1659.71	1798.46	1838.15	2100.96	4	0
638	961.56	1074.37	1169.6299999999999	1203.98	4	0
639	1945.34	1927.85	2007.1699999999998	2024.09	4	0
640	647.87	1293.19	734.88	2595.66	4	1
641	1945.03	1688.35	2007.84	1755.6499999999999	4	1
642	1798.79	2728.11	1861.8846269877426	2811.084294288675	4	0
643	1659.71	1564.08	1838.15	1755.6399999999999	4	0
644	961.56	941.77	1169.6299999999999	1074.37	4	0
645	1798.79	2810.14	1908.35	2994.5499999999997	4	0
646	1812.84	1459.71	1838.1499999999999	1529.4	4	1
647	1153.63	2649.5	1492.6271768839833	2745.84212300114	4	1
648	1659.71	1351.27	1837.52	1370.65	4	0
649	946.52	814.36	1169.62	858.96	4	0
650	1908.36	2820.13	2007.6799999999998	2980.05	4	0
651	734.89	1741.8	881.63	1820.9099999999999	4	1
652	1838.15	1459.71	1926.17	1574.75	4	1
653	1492.6271768839833	2649.5	1577.4660440714833	2727.53157612614	4	1
654	1659.71	1370.65	1812.83	1529.4	4	0
655	961.56	858.96	1169.6299999999999	941.77	4	0
656	957.55	1929.16	1072.3	2009.24	4	0
657	880.58	1293.19	964.02	1820.91	4	1
658	1926.17	1459.71	2007.8400000000001	1537.3500000000001	4	1
659	964.02	1293.19	1086.277875545788	1514.73190781407	4	0
660	1659.71	1529.4	1837.52	1564.0900000000001	4	0
661	946.52	685.06	1169.62	814.3599999999999	4	0
662	957.55	2009.24	998.5699999999999	2030.24	4	0
663	964.02	1741.8	1105.8	1806.94	4	1
664	746.08	874.59	880.3253225097244	1206.746551474253	4	0
665	964.02	1514.73190781407	1083.4168525965692	1743.6137437515695	4	0
666	1658.78	1165.02	1837.53	1351.27	4	0
667	957.55	2030.23	1056.67	2098.1	4	0
668	957.55	1820.92	1105.81	1929.16	4	1
669	413.84	858.96	745.6798604735919	1206.639739950815	4	0
670	1086.2626167567255	1293.19	1265.8066841395378	1519.1066026382887	4	0
671	670.31	2571.59	897.01	2704.33	5	0
672	868.99	1181.42	995.16	1432.2800000000002	5	1
673	1679.65	855.44	1722.13	915.5	5	0
674	1941.11	2049.96	1982.6699999999998	2162.67	5	1
675	445.22	817.9223285937527	679.4991416406272	958.9223285937525	5	0
676	897.01	2571.59	1105.32	2704.33	5	0
677	768.14	1682.83	976.27	1771.4499999999998	5	0
678	863.16	2296.41	1067.92	2355.75	5	0
679	1722.13	855.44	1831.1100000000001	915.5	5	0
680	1865.8	2370.28	1894.8999999999999	2485.51	5	1
681	444.49	959.65	678.4991416406272	1141.9223285937521	5	0
682	1104.44	2571.59	1142.5	2704.33	5	0
683	768.14	1771.44	976.27	1901.33	5	0
684	1831.11	884.88	1951.9699999999998	915.5	5	1
685	1894.89	2370.28	1954.66	2434.73	5	1
686	768.14	614.74	897.4991416406268	954.9223285937525	5	0
687	1142.5	2520.59	1482.2	2704.34	5	0
688	768.14	1901.33	976.27	2031.9499999999998	5	0
689	976.27	1989.84	1081.86	2041.72	5	0
690	897.9	955.6	1182.26	1048.99	5	1
691	1865.6	2485.51	1903.1399999999999	2582.78	5	1
692	678.4991416406272	613.922328593753	768.14	1113.85	5	1
693	1482.2	2520.59	1586.3	2704.34	5	0
694	768.14	2031.95	976.27	2215.35	5	0
695	1772.24	2422.62	1865.6	2582.7799999999997	5	0
696	1182.27	949.78	1652.99	1048.99	5	1
697	1903.14	2485.51	1939.0400000000002	2529.65	5	1
698	444.49	1141.9223285937521	674.4991416406272	1269.922328593752	5	0
699	1586.3	2422.62	1797.24	2704.34	5	0
700	976.27	2041.72	1104.44	2215.36	5	1
701	1903.14	2529.65	2006.74	2686.42	5	0
702	770.16	959.65	897.91	1048.99	5	1
703	1651.0	2422.62	1683.96	2437.86	5	1
704	444.49	1269.922328593752	675.4991416406272	1423.9223285937517	5	0
705	1651.0	2189.65	1797.24	2370.28	5	0
706	1104.44	2041.72	1467.6000000000001	2215.36	5	0
707	1831.11	1422.89	1937.73	1488.16	5	0
708	1574.27	2440.91	1643.38	2520.59	5	1
709	1652.99	1488.15	1934.9	1756.94	5	0
710	1653.96	2021.45	1833.5900000000001	2049.9700000000003	5	0
711	1467.6	2049.96	1574.27	2215.35	5	0
712	976.27	1682.83	1081.86	1738.86	5	0
713	675.74	1113.85	770.16	1432.28	5	1
714	1211.76	2440.91	1574.28	2520.5899999999997	5	1
715	1652.98	1562.16	1750.02	1756.94	5	1
716	1653.96	2049.96	1797.24	2189.65	5	0
717	1467.6	1846.07	1574.27	2049.97	5	0
718	1067.92	2302.98	1211.76	2355.76	5	1
719	1835.66	1756.9399999999998	2008.1314403156225	1864.3119453687493	5	1
720	1651.0	1892.15	1833.59	2021.45	5	0
721	1081.86	1682.83	1467.6	2041.7199999999998	5	0
722	995.16	1048.99	1074.46	1181.42	5	1
723	1083.28	2355.75	1211.76	2520.59	5	1
724	1934.9	1488.16	2006.1314403156225	1756.3119453687498	5	1
725	1653.96	1771.44	1833.5900000000001	1892.15	5	1
726	897.9	614.74	1075.31	955.6	5	0
727	995.16	1181.42	1074.46	1357.24	5	1
728	1083.28	2520.59	1142.5	2571.59	5	1
729	1653.96	1756.3119453687498	1833.2194403156232	1772.38554536875	5	1
730	1075.31	735.15	1181.1299999999999	955.5999999999999	5	0
731	995.16	1357.24	1074.46	1466.17	5	1
732	675.74	1432.28	769.1163737925147	1684.6091839670432	5	1
733	976.27	1820.16	1081.86	1989.8400000000001	5	1
734	1290.86	1048.99	1370.2099999999998	1466.17	5	1
735	584.68	2533.7	629.64	2566.72	5	1
736	768.14	1432.2800000000002	1000.0677737864112	1682.137530982424	5	1
737	675.74	2355.75	1083.28	2533.7	5	2
738	1954.66	2370.28	2006.74	2447.23	5	0
739	1572.96	1048.99	1652.98	1466.17	5	1
740	629.65	2315.1	675.74	2566.72	5	1
741	1000.0677737864112	1466.17	1572.7067622812838	1544.771712958742	5	1
742	1651.03	1054.56	1831.11	1113.1499999999999	5	0
743	1797.24	2049.96	1899.55	2209.85	5	0
744	1894.89	2434.73	1939.0300000000002	2485.51	5	0
745	670.31	2566.72	675.7399999999999	2571.5899999999997	5	1
746	1572.7067622812838	1466.17	1653.5783443125338	1546.297591864992	5	1
747	1652.99	1113.15	1809.63	1268.23	5	0
748	1809.63	1113.15	2006.47	1199.0900000000001	5	2
749	1939.04	2434.73	1954.67	2529.65	5	0
750	995.16	1543.06	1127.6399999999999	1682.83	5	1
751	670.31	2533.7	1083.28	2571.5899999999997	5	1
752	1652.99	1268.23	1831.12	1488.15	5	0
753	1181.13	673.75	1288.11	887.96	5	2
754	1954.66	2447.23	2006.74	2529.65	5	0
755	976.27	1738.85	1013.87	1756.9399999999998	5	1
756	1651.03	915.5	1831.11	1054.56	5	0
757	1385.71	704.21	1441.51	825.8100000000001	5	1
758	1831.11	1054.56	2006.4699999999998	1113.1499999999999	5	0
759	976.27	1756.94	1069.42	1820.15	5	1
760	1460.33	747.12	1577.8	949.78	5	0
761	1385.71	825.81	1460.33	887.9499999999999	5	2
762	1831.11	673.75	2006.73	884.89	5	0
763	675.74	1682.83	768.14	2215.35	5	1
764	1693.13	673.75	1722.1200000000001	855.44	5	0
765	1385.71	887.95	1460.33	949.7800000000001	5	2
766	1831.11	915.5	1951.9699999999998	1054.56	5	0
767	675.74	2211.04	768.14	2355.75	5	1
768	1577.8	683.35	1693.1299999999999	855.44	5	0
769	1831.11	1313.49	1918.73	1383.49	5	2
770	1951.97	884.88	2006.73	1054.56	5	0
771	768.14	2215.35	863.16	2355.75	5	1
772	1918.73	1272.29	2006.89	1422.8899999999999	5	1
773	1577.8	855.44	1679.6399999999999	915.5	5	0
774	1797.24	2209.86	1865.8	2302.98	5	2
775	863.16	2215.35	1067.92	2296.41	5	1
776	1937.73	1422.89	2006.89	1488.16	5	1
777	1577.8	915.5	1651.03	949.78	5	0
778	1467.6	1543.06	1653.96	1846.07	5	1
779	1831.11	1383.49	1918.73	1422.89	5	1
780	1722.13	673.75	1831.1100000000001	855.44	5	0
781	1797.24	2302.98	1865.8	2370.28	5	2
782	1211.76	2296.41	1364.8	2440.8999999999996	5	0
783	1809.63	1199.09	1831.1100000000001	1268.23	5	1
784	1074.45	1181.42	1182.26	1466.17	5	1
785	1127.63	1543.06	1467.6000000000001	1682.83	5	2
786	1364.79	2296.41	1574.27	2440.8999999999996	5	0
787	1067.92	2215.35	1651.0	2302.97	5	1
788	1831.11	1199.09	1918.73	1313.49	5	1
789	445.19	1420.98	675.74	1579.67	5	0
790	1182.27	1181.42	1290.86	1466.17	5	1
791	1075.31	614.74	1181.1299999999999	735.16	5	0
792	1288.11	673.75	1313.7099999999998	735.16	5	1
793	1574.27	1846.07	1653.95	2217.05	5	1
794	1918.73	1199.09	2006.89	1272.29	5	1
795	445.19	1579.67	675.74	1738.8500000000001	5	0
796	1370.21	1181.42	1471.21	1466.17	5	0
797	1460.33	683.35	1577.8	747.13	5	0
798	1574.27	2302.98	1651.0	2440.91	5	1
799	445.19	1738.85	675.74	1895.59	5	0
800	1471.21	1181.42	1572.96	1466.17	5	0
801	1313.71	673.75	1385.71	887.96	5	1
802	1651.0	2370.28	1865.8	2422.6200000000003	5	1
803	1865.8	2209.86	1982.6799999999998	2325.75	5	1
804	445.19	1895.59	675.74	2049.96	5	0
805	1370.21	1048.99	1572.96	1181.42	5	0
806	1288.11	791.95	1313.7099999999998	887.95	5	1
807	1982.68	2217.05	2006.74	2325.75	5	1
808	445.19	2046.96	675.74	2211.04	5	0
809	1069.45	1048.99	1290.8600000000001	1181.42	5	0
810	1181.13	887.95	1385.71	949.7800000000001	5	1
811	1865.6	2325.75	1954.6599999999999	2370.28	5	1
812	445.22	2211.04	675.74	2315.1	5	0
813	770.16	1048.99	995.16	1181.42	5	1
814	1797.24	2582.78	1903.14	2704.34	5	0
815	1385.71	673.75	1460.33	704.21	5	1
816	1899.55	2162.67	1982.6799999999998	2209.86	5	1
817	445.22	614.74	679.4991416406272	698.9223285937528	5	0
818	445.22	2315.1	629.6500000000001	2533.7	5	0
819	770.16	1181.42	868.99	1432.2800000000002	5	1
820	526.5	2566.72	670.31	2704.33	5	0
821	1441.51	704.21	1460.33	825.8100000000001	5	1
822	1899.55	2049.96	1941.11	2162.67	5	2
823	444.49	698.9223285937528	682.4991416406272	817.9223285937527	5	0
824	1869.27	2344.12	1917.29	2443.4	6	1
825	1805.17	2235.56	1871.3000000000002	2297.12	6	2
826	1842.8	1527.61	1942.8	1732.4699999999998	6	0
827	1066.21	1994.81	1220.4587464125643	2190.0796427898845	6	0
828	1869.27	2443.4	1906.04	2491.5	6	1
829	1805.17	2150.56	1871.3000000000002	2235.56	6	2
830	1942.8	1645.47	1998.8	1834.47	6	0
831	1220.4587464125643	1994.81	1377.880621412564	2190.8608927898845	6	0
832	1959.89	2297.12	1998.8000000000002	2344.12	6	0
833	1842.8	1329.16	1918.77	1396.3600000000001	6	2
834	1842.8	1732.47	1942.8	1834.47	6	0
835	1377.880621412564	1994.81	1513.818121412564	2189.6890177898845	6	0
836	1917.29	2344.12	1998.8	2443.4	6	0
837	1433.45	771.72	1483.8400000000001	883.13	6	1
838	1842.8	1430.76	1936.22	1491.47	6	0
839	1512.09	1994.81	1604.382086256314	2190.2383341961345	6	0
840	1906.04	2443.4	2000.44	2587.6400000000003	6	0
841	1433.45	883.13	1503.1200000000001	939.31	6	2
842	1918.77	1293.44	1998.8	1430.76	6	1
843	1512.09	1710.28	1604.382086256314	1994.1628947430097	6	0
844	698.17	2443.64	774.52	2477.5	6	1
845	1433.45	939.31	1503.1200000000001	997.7099999999999	6	2
846	1936.22	1430.76	1998.8	1491.47	6	1
847	1150.33	2477.5	1449.7488264830592	2601.702815549894	6	0
848	642.84	2443.64	698.1700000000001	2477.5	6	1
849	1842.8	1225.26	1998.8	1293.44	6	1
850	1704.875779608059	2355.76	1869.27	2489.398128049894	6	0
851	1842.8	1293.44	1918.77	1329.16	6	1
852	1703.655076483059	2489.398128049894	1809.48	2600.482112424894	6	0
853	1708.82	1491.61	1942.8	1526.4699999999998	6	1
854	1842.8	1395.8	1918.77	1430.76	6	1
855	1449.7488264830592	2477.5	1604.7029280455597	2600.6637530498947	6	0
856	735.74	1182.43	1049.59	1327.51	6	0
857	1942.8	1491.47	1998.8	1597.47	6	1
858	1339.41	744.44	1366.3200000000002	798.9100000000001	6	1
859	1866.37	945.94	1938.8799999999999	963.5400000000001	6	1
860	1604.382086256314	2477.5	1705.4109358580595	2599.4430499248947	6	0
861	739.32	1327.51	1042.78	1489.77	6	0
862	1942.8	1597.47	1998.8	1645.47	6	1
863	1842.8	1095.47	1998.8	1146.76	6	0
864	1674.57	1834.47	2000.334718206692	1965.4117541485286	6	0
865	673.1	945.46	776.68	1431.23	6	1
866	1607.53	754.04	1715.6399999999999	811.04	6	0
867	1366.32	744.44	1433.4499999999998	939.3100000000001	6	1
868	1674.57	1965.4117541485286	1856.70243976431	2004.8159747295836	6	0
869	709.98	900.67	972.52	980.13	6	1
870	1715.64	744.44	1866.3700000000001	811.0400000000001	6	0
871	1340.72	853.71	1366.32	939.3100000000001	6	1
872	735.74	1090.61	1049.5900000000001	1182.4299999999998	6	0
873	1674.57	2004.8159747295836	1804.45634601431	2151.788630979583	6	0
874	957.34	900.67	1169.72	1182.43	6	1
875	1866.37	744.44	2000.4399999999998	945.94	6	0
876	1272.72	939.31	1433.45	997.7099999999999	6	1
877	735.74	961.81	1049.59	1090.61	6	1
878	1674.57	2151.788630979583	1805.9211897643097	2309.876130979583	6	0
879	690.38	1410.77	861.68	1605.31	6	1
880	1938.88	945.94	2000.44	963.5400000000001	6	0
881	1433.45	744.44	1503.1200000000001	771.72	6	1
882	1674.57	1710.28	1843.7731505187044	1835.8354090862724	6	0
883	817.74	1605.31	861.68	1732.47	6	1
884	1135.77	1459.41	1253.5	1534.66	6	1
885	1866.68	963.54	1998.8000000000002	1095.47	6	0
886	1483.84	771.72	1503.12	883.13	6	1
887	1675.6481505187044	1526.7729090862726	1842.8	1710.28	6	0
888	795.86	1732.03	901.72	1862.59	6	1
889	1252.84	1438.8	1531.74	1534.66	6	1
890	1503.12	744.44	1535.6399999999999	754.0400000000001	6	0
891	1152.36	798.91	1246.84	939.31	6	0
892	1452.94	2256.86	1602.889170721341	2406.2235354595628	6	0
893	1697.8	1308.47	1842.8	1491.47	6	0
894	861.68	1481.02	946.93	1771.45	6	1
895	1152.36	997.71	1272.72	1076.71	6	1
896	1503.12	754.04	1607.53	811.04	6	0
897	1152.36	939.31	1272.7199999999998	997.7099999999999	6	0
898	1299.77	2256.86	1453.9633894713413	2406.2235354595628	6	0
899	1697.8	1131.47	1842.8	1308.47	6	0
900	1042.78	1165.94	1128.45	1377.72	6	1
901	1252.84	997.71	1452.94	1119.34	6	1
902	1145.96	690.84	1246.8400000000001	798.9100000000001	6	0
903	1058.24	1715.26	1090.49	1795.6399999999999	6	1
904	776.68	2489.0	963.92	2601.24	6	0
905	789.3	1998.91	1066.21	2295.89	6	1
906	985.43	1327.51	1113.77	1464.52	6	1
907	1355.35	1119.34	1426.94	1226.94	6	1
908	1058.24	1646.95	1157.05	1715.26	6	0
909	1090.49	1732.47	1143.23	1795.64	6	1
910	1066.21	2186.87	1604.8354285510075	2226.5110952072596	6	1
911	972.52	690.84	1152.36	997.71	6	0
912	940.77	1460.41	1150.33	1715.26	6	1
913	1355.66	1218.8	1419.6	1293.44	6	1
914	642.84	2477.5	774.52	2601.24	6	0
915	1904.37	2004.64	1973.4899999999998	2101.92	6	1
916	774.52	2445.21	1150.33	2491.5	6	1
917	1154.1257386000643	2226.5110952072596	1300.880350426008	2446.848009269759	6	1
918	776.68	690.84	972.52	900.6700000000001	6	0
919	1118.25	1070.44	1252.84	1293.44	6	0
920	789.3	1862.59	865.89	2006.11	6	1
921	1366.32	1293.14	1491.94	1460.41	6	1
922	1809.48	2490.59	1904.3700000000001	2601.2400000000002	6	0
923	1904.37	2101.92	1973.4899999999998	2153.39	6	1
924	573.24	2304.77	752.56	2443.4	6	0
925	1150.1235144885081	2443.796251457259	1704.875779608059	2477.5	6	1
926	573.24	690.84	776.68	997.71	6	0
927	1252.84	1070.75	1366.32	1293.44	6	0
928	1452.94	996.81	1506.14	1087.0	6	1
929	1805.17	2004.64	1904.3700000000001	2150.56	6	2
930	1871.3	2150.56	1951.9099999999999	2297.12	6	1
931	573.24	2153.15	752.56	2304.77	6	0
932	1299.77	2406.2235354595628	1706.2051551135078	2443.72007958226	6	1
933	573.24	997.71	682.06	1141.31	6	0
934	1102.27	1293.44	1252.84	1472.91	6	1
935	1503.12	1005.82	1568.56	1065.04	6	1
936	1150.33	1534.66	1512.09	1645.47	6	2
937	1951.91	2153.39	1973.49	2178.54	6	1
938	752.56	2150.56	789.3	2290.35	6	1
939	1602.889170721341	2309.3	1701.536405113508	2355.5575795822597	6	1
940	573.24	1141.31	673.1	1284.67	6	0
941	1252.84	1293.44	1401.27	1484.91	6	0
942	1527.64	1005.82	1697.8	1164.9	6	1
943	779.98	2295.89	1152.63	2445.21	6	2
944	1973.49	2157.25	1998.8	2178.54	6	1
945	752.56	2290.35	779.9799999999999	2445.21	6	1
946	1602.889170721341	2355.5575795822597	1705.9364051135078	2406.15757958226	6	1
947	573.24	1284.67	690.38	1431.23	6	0
948	1407.94	1064.4	1527.64	1293.44	6	0
949	1634.59	1131.47	1697.8	1308.47	6	1
950	1300.880350426008	2226.5110952072596	1603.9645301135076	2258.1075795822594	6	1
951	572.62	1431.23	817.74	1605.31	6	0
952	1419.6	1293.44	1650.52	1465.0	6	0
953	1512.09	1293.44	1709.28	1534.23	6	1
954	963.92	2490.59	1150.33	2601.2400000000002	6	0
955	1602.889170721341	1710.28	1677.9012976916322	2309.7850698166344	6	1
956	572.62	1605.31	827.26	1732.03	6	0
957	1527.64	1065.04	1650.52	1293.44	6	0
958	1951.91	2178.54	1998.8000000000002	2256.86	6	1
959	1512.09	1527.61	1675.022393348981	1710.0574392014005	6	1
960	573.24	1732.03	822.46	1862.59	6	0
961	855.62	1862.59	1066.21	2006.11	6	0
962	1951.91	2256.86	1998.8000000000002	2297.1200000000003	6	1
963	1503.1200000000001	811.04	1569.415110308598	1006.3918930468795	6	0
964	573.24	1862.59	795.86	1998.91	6	0
965	865.89	1715.26	1058.24	1862.59	6	0
966	1701.0	2309.3	1805.17	2355.76	6	1
967	1842.8	1146.76	1998.8	1225.26	6	2
968	1058.24	1948.22	1157.05	1994.81	6	1
969	1568.56	811.04	1866.37	1131.47	6	0
970	573.24	1998.91	789.3	2153.15	6	0
971	1805.17	2297.12	1869.27	2356.5	6	1
972	1246.84	744.44	1340.72	939.3100000000001	6	2
973	855.62	2006.11	1066.21	2188.47002364926	6	0
974	1869.27	2297.12	1959.8899999999999	2344.12	6	1
975	1058.24	1795.64	1157.05	1948.22	6	1
976	906.43	2224.87	1154.1257386000643	2295.2065959148845	6	0
