0	224	456.86	1850.34	673.2	2090.4	shop	401
1	288	673.2	2505.76	808.1700000000001	2554.0	hallway	402, 403, 404, 405
2	352	1062.13	321.12	1178.99	334.34000000000003	hallway	
3	384	791.9	364.33	941.3687010546925	512.3584678125067	shop	406
4	225	456.86	2090.4	673.2	2329.15	shop	407
5	289	1087.08	2505.76	1169.8899999999999	2554.0	hallway	408, 409, 410
6	385	791.9	512.9984678125066	943.2887010546925	680.038467812506	shop	411
7	226	423.05	2389.37	456.86	2554.0	shop	412
8	290	625.36	2514.81	673.2	2753.81	hallway	405, 413, 414
9	386	791.9	680.038467812506	942.6487010546925	811.8784678125056	shop	415
10	227	456.86	2389.37	625.36	2554.0	shop	416, 417, 412
11	259	1656.02	1673.71	1784.9099999999999	1735.78	hallway	418, 419
12	291	673.2	2554.0	783.1800000000001	2753.81	hallway	162, 163, 404, 420, 421, 422, 413
13	228	625.36	2329.15	673.2	2514.81	shop	416, 423, 424, 425
14	260	756.02	1758.14	983.6	1844.52	shop	426, 427, 428, 429
15	292	783.18	2554.0	1169.8899999999999	2580.3	hallway	432, 433, 402, 420, 409, 430, 431
16	388	1018.63	457.95846781250685	1179.4487010546916	580.8384678125065	shop	434
17	229	456.86	2329.15	625.36	2389.37	shop	417, 425
18	261	756.02	1844.47	974.0	2082.07	shop	435, 152, 427
19	293	1075.17	2580.3	1169.89	2703.8100000000004	hallway	436, 164, 437, 165, 438, 439, 440, 430
20	325	1384.06	863.22	1460.06	891.12	hallway	441, 122
21	389	1018.63	580.8384678125065	1179.796477054692	708.3276838125059	shop	442
22	230	422.02	2554.0	552.75	2906.5	shop	443
23	294	783.18	2685.29	1075.17	2753.81	hallway	421, 440, 444, 445
24	326	1434.92	891.12	1460.0600000000002	1015.12	hallway	130, 441
25	390	1018.63	708.838467812506	1180.206077054692	826.7020838125055	shop	446
26	231	552.75	2554.0	625.36	2703.81	shop	443, 414
27	295	1075.17	2703.81	1117.75	2753.81	hallway	438, 444
28	327	1178.99	863.22	1281.06	1078.44	staircase	123
29	391	1018.63	334.34	1180.3884770546922	457.4684838125072	shop	447
30	232	552.75	2703.81	625.36	2906.5	shop	448
31	296	1169.89	2639.56	1656.5700000000002	2703.81	hallway	449, 450, 451, 436, 452, 453, 454
32	328	1811.02	1299.71	2002.57	1386.6000000000001	staircase	131, 132
33	360	1834.12	863.22	2004.1208039531236	1051.33225800625	hallway	455, 361
34	392	941.3687010546925	364.33	1019.0317215593897	1221.365921914505	hallway	456, 360, 457, 458, 459, 460, 461, 434, 406, 442, 411, 446, 415, 447
35	201	1489.72	1844.52	1578.51	2232.83	shop	462, 463
36	233	625.36	2753.81	772.15	2906.5	shop	448, 464, 422
37	265	808.17	2505.76	948.5799999999999	2554.0	hallway	433, 465, 466
38	297	1578.51	2505.76	1656.57	2639.5600000000004	hallway	450, 467, 468, 469, 470
39	329	974.01	2007.07	1084.01	2224.0699999999997	hallway	151
40	361	1907.36	1049.71	2000.3061066874986	1103.21214081875	hallway	455, 471, 363
41	393	940.0	1221.365921914505	1020.2258171709619	1666.4176873564	hallway	456, 472, 473, 474, 475, 476, 477, 478
42	234	772.15	2753.81	863.35	2872.21	shop	464
43	266	948.58	2505.76	1087.08	2554.0	hallway	432, 465, 479
44	298	1656.57	2554.23	1684.1499999999999	2703.81	hallway	480, 449, 481, 482, 468
45	330	783.18	2580.3	1075.17	2685.28	escalator	162, 163, 164, 165
46	362	1834.12	1098.25	2001.8319855937486	1246.6447580062497	hallway	471, 362
47	394	673.2	1661.6	756.8067922266572	1759.5865873693701	hallway	483, 484, 485, 486
48	235	863.35	2753.81	1178.2	2872.21	shop	487, 445
49	267	791.9	321.12	941.01	364.33	hallway	
50	299	1684.15	2554.23	1901.75	2710.46	shop	480, 488, 489
51	331	1792.21	2237.43	1895.7	2396.5099999999998	staircase	147
52	363	1655.63	863.22	1835.0993167171011	1050.2921569549196	shop	490, 491
53	395	1577.6299999999999	1661.9776680075283	1654.104403463228	1845.6867079138028	hallway	496, 497, 498, 419, 492, 493, 494, 495
54	236	1117.75	2703.81	1178.2	2753.81	shop	437, 487
55	300	1901.75	2554.23	1932.15	2714.61	hallway	144, 499, 488, 142
56	332	1119.17	1735.78	1445.54	1844.52	escalator	154, 155, 156, 157
57	364	1655.63	1049.71	1836.6590212592625	1240.4664012991548	shop	500, 501, 490
58	396	754.02	1666.1444522940287	983.1773557337373	1756.6857199072122	hallway	483, 502, 503, 504, 428, 478
59	301	1932.15	2554.23	1948.5400000000002	2608.21	hallway	499, 143
60	333	1384.06	891.12	1434.9199999999998	1015.12	hallway	128, 129
61	365	1656.5700000000002	1240.4664012991548	1830.6985567817235	1302.455231865561	shop	500, 505
62	397	983.1773557337373	1666.4176873564	1578.4898557337365	1733.6388449072122	hallway	498, 502, 472, 506, 507, 508, 509, 510, 511
63	270	456.86	989.45	633.69	1137.44	shop	512, 513
64	302	1861.29	2396.51	1895.7	2554.23	hallway	145, 514, 146, 515
65	334	1384.06	1015.12	1460.06	1078.44	lift	127
66	366	1656.5700000000002	1299.71	1809.0497683295753	1455.9060070120452	shop	516, 517
67	398	983.1773557337373	1733.6388449072122	1122.122368970737	1845.8183550714741	hallway	503, 426, 154, 155, 511
68	239	1573.2	2703.81	1684.15	2872.21	shop	482, 451, 518
69	271	633.69	1098.25	941.02	1137.44	hallway	512, 519, 520, 521, 522, 461
70	303	1895.7	2396.51	2002.5700000000002	2498.9100000000003	hallway	515, 523, 524, 174
71	335	1384.06	1078.44	1460.06	1137.44	lift	126
72	367	1656.5700000000002	1455.9060070120452	1829.801721454575	1678.073975762045	shop	418, 516, 493, 525
73	399	1445.8879939707365	1733.58	1578.4898557337365	1844.5214800714741	hallway	497, 506, 156, 157, 463
74	240	1684.15	2710.45	1901.75	2886.6099999999997	shop	518, 489
75	272	673.2	1137.44	940.8600000000001	1225.6000000000001	hallway	528, 520, 460, 526, 527
76	304	1895.7	2498.91	1948.54	2554.23	hallway	144, 514, 524
77	336	1830.02	1500.23	1918.08	1570.27	lift	133
78	368	756.02	1225.6000000000001	943.0836304435296	1393.4229805075286	shop	529, 476, 526
79	241	1656.57	2246.62	1792.21	2554.22	shop	481, 530, 467, 531
80	273	673.2	1225.6	755.6400000000001	1661.6	hallway	529, 532, 485, 533, 534, 535, 536, 537, 527
81	305	1895.7	2237.43	2002.5700000000002	2396.5099999999998	hallway	147, 523
82	337	1792.21	2396.51	1861.29	2485.3900000000003	lift	146
83	369	756.02	1393.4229805075286	943.6939820060296	1548.4522773825283	shop	533, 475
84	306	1656.57	1735.78	1679.06	1780.52	hallway	139, 492
85	338	1792.21	2485.39	1861.29	2554.23	lift	145
86	370	756.02	1548.4522773825283	944.3043335685296	1661.9776680075283	shop	532, 504, 474
87	243	1655.63	1780.52	1830.02	2052.01	shop	538, 494
88	275	1577.63	1049.71	1656.0200000000002	1661.6	hallway	496, 501, 517, 505, 539, 540, 525, 541, 542, 543
89	307	1679.06	1735.78	1830.02	1780.52	hallway	544, 139
90	339	974.01	1844.47	1084.01	1922.27	facility_room	153
91	371	973.11	2224.07	1065.0436743506953	2444.983620842611	shop	545, 546
92	244	1656.57	2052.01	1792.21	2246.63	shop	547, 548
93	308	1784.91	1673.71	1830.02	1735.78	hallway	544, 549
94	340	974.01	1922.27	1084.01	2007.07	facility_room	151, 152, 153
95	372	1065.0436743506953	2253.21	1280.1596411475698	2445.5216457449546	shop	545, 550
96	245	1792.21	2052.01	1830.02	2237.4300000000003	shop	547, 551
97	277	1178.99	1078.44	1384.06	1137.44	hallway	552, 123, 124, 125, 126
98	309	1830.02	1673.71	2002.57	1717.8	hallway	549, 136, 553
99	341	1830.02	1245.71	2002.57	1299.71	facility_room	131
100	373	1489.72	2232.83	1578.8705786475696	2443.2950832449546	shop	554, 555, 556
101	214	755.64	2082.08	974.0	2442.99	shop	557, 558
102	246	1830.02	2091.56	1946.61	2237.43	shop	560, 150, 551, 141, 559
103	278	1281.06	982.46	1384.06	1078.44	hallway	128, 561, 552, 127
104	310	1933.51	1717.8	2002.57	1792.77	hallway	562, 553, 137
105	342	1830.02	1608.77	1933.51	1673.71	facility_room	563
106	374	1280.1596411475698	2253.21	1488.5385473975696	2443.2950832449546	shop	564, 555
107	183	456.86	809.4	786.5	989.45	shop	565
108	247	1926.47	2046.76	2002.57	2091.56	shop	560, 566
109	279	1311.21	863.22	1384.06	982.46	hallway	128, 561, 129, 121, 122
110	311	1933.51	1792.76	2002.57	1844.51	hallway	562, 140
111	343	1830.02	1717.8	1933.51	1938.6	facility_room	137
112	375	1019.65	1225.6	1156.799598575549	1444.129071434654	shop	567, 568, 569, 477
113	184	633.69	989.45	786.5	1098.25	shop	565, 521
114	248	1946.61	2091.56	2002.57	2193.65	shop	566, 559
115	312	1830.02	1570.27	1918.08	1608.77	hallway	135
116	344	1933.51	1844.52	2002.57	1938.6	facility_room	570, 140
117	376	1019.65	1443.35	1154.510780216174	1666.1444522940287	shop	567, 473, 507, 571
118	185	786.5	809.4	940.86	1098.25	shop	519, 459
119	249	1946.61	2193.64	2002.57	2237.42	shop	150
120	281	1281.06	863.22	1311.21	923.07	hallway	121
121	313	1918.08	1455.71	2002.57	1608.77	hallway	134, 135, 572
122	345	1830.02	1938.6	2002.57	2046.76	facility_room	570
123	377	1154.510780216174	1225.6000000000001	1298.7063368567988	1441.077313622154	shop	568, 573, 574, 575
124	186	1018.63	825.29	1177.56	1137.44	shop	576, 458, 124
125	218	1178.2	2703.81	1381.95	2872.21	shop	577, 453
126	250	1830.02	2046.76	1926.47	2091.56	shop	141
127	314	1933.51	1608.77	2002.57	1673.71	hallway	563, 136, 572
128	378	1154.510780216174	1443.35	1294.194618106799	1665.1068546377787	shop	578, 571, 508, 573
129	219	1381.95	2703.81	1573.2	2872.21	shop	577, 452
130	251	1460.06	863.22	1577.6299999999999	1146.33	shop	130, 579, 543
131	315	1811.02	1386.6	2002.57	1455.7099999999998	hallway	580, 132, 134
132	347	1948.54	2554.23	2002.57	2608.21	facility_room	143
133	379	1294.194618106799	1225.6000000000001	1436.255164981799	1445.1361515127794	shop	581, 582, 583, 574
134	220	456.86	1137.44	673.2	1296.14	shop	528, 513, 537, 522
135	252	1577.63	863.22	1656.0200000000002	1049.71	shop	579, 491, 539
136	316	1830.02	1455.71	1918.08	1500.23	hallway	580, 133
137	348	1932.15	2608.21	2002.5700000000002	2714.61	facility_room	
138	380	1295.23	1443.35	1432.593055606799	1664.2523624502792	shop	578, 581, 584, 509
139	221	456.86	1296.14	673.2	1452.94	shop	536, 585
140	285	673.2	1758.14	755.6400000000001	2442.98	hallway	401, 435, 484, 407, 424, 586, 587, 429, 558
141	349	1901.75	2714.61	2002.57	2872.21	facility_room	142
142	381	1434.9199999999998	1225.6000000000001	1579.4892958411742	1444.1359073721549	shop	582, 588, 541, 589
143	222	456.86	1452.94	673.2	1608.3400000000001	shop	535, 585
144	286	1578.51	1844.47	1655.63	2442.98	hallway	530, 548, 538, 554, 462, 590, 495
145	382	1434.9199999999998	1441.077313622154	1578.7263563880492	1663.8624698721544	shop	584, 540, 588, 510
146	223	456.86	1608.34	673.2	1850.34	shop	486, 534, 587
147	287	673.2	2442.98	1655.63	2505.76	hallway	546, 550, 423, 586, 556, 557, 590, 591, 466, 403, 531, 564, 470, 410, 479
148	351	1018.63	1137.44	1577.63	1225.6000000000001	hallway	576, 583, 457, 569, 589, 125, 542, 575
149	383	1169.8899999999999	2505.76	1583.098895214847	2641.7580433593757	shop	469, 454, 439, 408, 431, 591
