0	160	1526.43	2011.38	1715.8400000000001	2194.54	shop	313, 314, 315
1	192	1437.27	2115.01	1526.43	2426.32	hallway	320, 321, 314, 316, 317, 318, 319
2	224	1820.64	2627.15	1970.46	2751.01	facility_room	29
3	288	1226.09	2622.57	1526.4299999999998	2841.51	shop	322, 323, 324, 325
4	161	1715.85	2011.38	1751.7099999999998	2183.48	shop	326, 313
5	193	1480.62	2426.33	1526.4299999999998	2622.5699999999997	hallway	323, 327, 328, 329, 330, 331, 318
6	225	1752.08	1247.53	1914.4699999999998	1302.46	facility_room	281
7	289	404.31	2251.16	664.95	2841.5099999999998	shop	266, 332, 333
8	162	1751.7	2048.98	1914.47	2183.4700000000003	shop	326, 45, 334, 111
9	290	665.4	2632.77	1049.34	2841.51	shop	333, 335
10	163	1843.89	2011.38	1914.47	2048.98	shop	334
11	195	1526.43	2194.53	1715.8400000000001	2238.13	hallway	336, 317
12	291	1526.43	1370.54	1736.21	1448.95	shop	337, 338
13	164	1751.7	2011.38	1843.89	2048.98	shop	111
14	196	1664.84	2238.13	1715.84	2539.07	hallway	336, 339
15	228	944.97	1817.92	1049.3400000000001	1888.72	facility_room	126
16	292	1526.43	1448.94	1752.0800000000002	1650.2	shop	337, 340, 341
17	165	1526.86	1693.09	1914.4699999999998	2011.3799999999999	shop	342, 343
18	197	1715.85	2484.26	1865.75	2539.07	hallway	339, 36, 44
19	293	1609.97	1090.81	1914.47	1247.53	shop	344, 345, 346, 347, 348
20	198	1807.97	2539.07	1865.74	2578.98	hallway	36, 37, 39, 349
21	294	1526.86	1240.11	1609.9699999999998	1370.54	shop	352, 353, 350, 351
22	199	1807.97	2578.98	1970.45	2627.15	hallway	354, 37, 29
23	231	1865.75	2330.3	1970.24	2578.98	facility_room	39, 46
24	295	1609.97	1247.53	1752.08	1302.46	shop	355, 344, 351
25	168	1399.71	886.41	1476.81	1156.99	shop	356, 357, 358
26	200	1815.1	2183.47	1891.1399999999999	2285.9399999999996	hallway	45
27	232	1142.62	886.41	1234.6699999999998	1090.81	staircase	282
28	296	1609.97	1302.46	1736.21	1370.54	shop	355, 350
29	169	764.02	1255.98	1226.29	1602.66	shop	359, 360, 361, 362, 363, 364, 365
30	201	1782.6	2335.11	1815.1	2484.25	hallway	368, 57, 58, 366, 367
31	233	1736.21	1302.46	1914.47	1382.98	staircase	280, 281
32	297	1476.81	896.37	1620.97	1090.81	shop	369, 370, 348
33	170	1226.29	1255.98	1426.49	1346.8	shop	371, 372, 373, 374, 375
34	202	1815.1	2285.95	1891.1399999999999	2432.5	hallway	279, 376, 366, 46
35	298	1620.97	886.41	1914.47	1090.81	shop	370, 347
36	171	1226.29	1346.8	1426.49	1602.6599999999999	shop	371, 377, 378
37	203	1815.1	2432.5	1865.75	2484.26	hallway	376, 44, 367
38	235	944.97	1970.51	1049.3400000000001	2127.37	hallway	284
39	299	441.8	832.15	773.5799999999999	1156.99	shop	379, 380, 381, 382
40	172	1121.11	2191.01	1437.27	2426.32	shop	384, 321, 385, 383
41	204	763.72	2426.33	1049.3400000000001	2484.77	hallway	386, 387, 388, 389
42	236	1715.85	2183.47	1815.1	2340.95	staircase	368, 390, 279
43	300	773.58	848.06	892.0	1156.98	shop	391, 392, 379
44	205	1049.34	2426.33	1226.09	2841.5099999999998	hallway	384, 386, 325, 278, 151, 393, 394, 395, 396, 335
45	237	664.95	2484.76	1049.33	2632.7700000000004	escalator	278, 266
46	301	404.94	1138.94	441.8	1435.22	shop	397, 382
47	206	1226.09	2426.33	1480.6299999999999	2476.17	hallway	320, 331, 395, 398, 383
48	238	1332.92	1090.81	1399.71	1147.94	lift	265
49	302	441.8	1156.99	665.4	1435.22	shop	400, 381, 397, 399
50	175	944.97	2173.14	1121.11	2426.33	shop	385, 129, 387, 133, 396
51	207	1226.09	2561.16	1480.6299999999999	2622.5699999999997	hallway	401, 324, 329, 393
52	239	1332.92	1029.88	1399.71	1090.8100000000002	lift	263
53	303	913.05	1817.92	944.9699999999999	2085.95	shop	128, 402, 403
54	176	764.57	2085.95	944.97	2426.3199999999997	shop	388, 404, 405
55	208	763.72	1602.66	1032.0700000000002	1732.29	hallway	406, 407, 408, 409, 410, 363
56	240	1752.08	1489.3	1831.9399999999998	1556.19	lift	411
57	304	763.72	1732.29	913.0500000000001	2085.95	shop	403, 409, 412, 413, 414
58	209	1032.07	1602.66	1426.49	1704.21	hallway	416, 407, 360, 378, 415
59	241	1715.85	2340.95	1782.6	2420.61	lift	390, 57
60	273	665.4	1255.98	763.72	1888.72	hallway	400, 417, 418, 419, 410, 365, 414
61	305	1049.34	1905.84	1121.11	2183.3599999999997	shop	420, 421, 133, 143
62	178	913.05	1732.29	1032.07	1817.92	shop	402, 422, 408, 412
63	210	1526.43	1650.2	1615.06	1693.0900000000001	hallway	423, 106
64	242	1715.85	2420.61	1782.6	2484.25	lift	58
65	274	665.4	1888.72	763.72	2251.16	hallway	418, 405, 424, 425, 413
66	306	1121.11	1905.84	1423.09	2115.0099999999998	shop	421, 426, 427
67	179	989.59	848.06	1142.6100000000001	1147.94	shop	75, 428, 429
68	211	1615.06	1650.2	1752.08	1693.0900000000001	hallway	106, 430
69	243	944.97	1888.72	1049.3400000000001	1970.51	hallway	128, 284, 126
70	275	665.4	2251.16	763.72	2484.25	hallway	404, 389, 424, 332
71	307	1121.11	2115.01	1437.27	2191.01	shop	420, 427
72	212	1752.08	1655.24	1914.4699999999998	1693.08	hallway	104, 430
73	244	1752.08	1556.19	1831.9399999999998	1592.81	hallway	148
74	276	1426.49	1240.1	1526.8600000000001	1606.0	hallway	352, 432, 433, 338, 372, 341, 377, 431
75	308	1135.1269277343329	1147.94	1275.326927734333	1170.2484349810288	shop	434, 435, 436
76	181	773.58	392.53	1142.6200000000001	516.76	hallway	437
77	213	944.97	2127.37	1049.3400000000001	2173.15	hallway	129
78	245	1751.7	1592.82	1849.02	1655.25	hallway	438
79	277	1426.48	1602.66	1526.17	1905.8400000000001	hallway	340, 342, 423, 439, 270, 415, 431, 271
80	309	989.59	1147.94	1135.4073964843328	1254.3398412310291	hallway	436, 440, 361, 441, 428
81	182	745.72	516.76	1142.62	762.93	hallway	437, 442
82	214	1736.21	1382.98	1914.47	1448.95	hallway	102, 280, 443
83	246	1089.95	1704.21	1423.0900000000001	1817.92	escalator	268, 269, 270, 271
84	310	1135.4073964843328	1170.2484349810288	1274.9073964843328	1256.3398412310291	hallway	434, 373, 359, 440, 444
85	183	773.58	762.93	1142.6200000000001	848.06	hallway	260, 442
86	215	1752.08	1448.94	1831.9399999999998	1489.3	hallway	411, 443
87	311	1274.9073964843328	1147.94	1399.4073964843328	1257.3398412310291	hallway	435, 116, 375, 444, 445
88	184	892.0	848.06	989.59	1255.97	hallway	260, 391, 441, 362, 429, 446
89	216	1831.94	1448.94	1914.47	1592.81	hallway	148, 102, 447
90	248	1032.07	1704.21	1089.95	1905.84	hallway	416, 406, 422, 268, 269, 143
91	153	404.94	1435.22	665.4	1882.24	shop	419
92	185	665.4	1156.99	892.0	1255.98	hallway	417, 392, 364, 380, 446, 399
93	217	1849.03	1592.82	1914.47	1655.25	hallway	438, 104, 447
94	154	404.31	1882.24	665.4	2251.16	shop	425
95	218	1142.62	1090.81	1332.9199999999998	1147.94	hallway	448, 116, 265, 282, 75
96	250	1226.09	2476.16	1480.6299999999999	2561.16	facility_room	401, 330, 394, 398
97	187	1399.71	1156.99	1426.48	1255.98	hallway	432, 449, 356, 374, 445
98	219	1234.67	1005.36	1332.92	1090.81	hallway	448, 450, 451, 263
99	188	1476.81	1090.81	1609.97	1156.98	hallway	369, 452, 358, 346
100	220	1261.04	886.41	1332.92	1005.36	hallway	451, 453, 283
101	189	1426.49	1156.99	1609.97	1240.1100000000001	hallway	353, 433, 449, 452, 357, 345
102	221	1332.92	886.41	1399.71	1029.8799999999999	hallway	450, 453
103	285	1526.43	2238.13	1664.8400000000001	2539.07	shop	454, 328, 316
104	222	1234.67	886.41	1261.04	1005.36	hallway	283
105	286	1526.43	2539.07	1813.8500000000001	2841.51	shop	322, 354, 51, 454, 327, 455, 456, 349
106	191	1423.09	1905.84	1526.4299999999998	2115.0099999999998	hallway	343, 439, 426, 315, 319
107	223	1813.85	2751.01	1970.24	2841.5	hallway	51, 455
108	287	1807.97	2627.15	1820.64	2781.54	shop	456
