0	224	760.43	1782.19	760.6899999999999	1783.17	shop
1	256	973.71	2026.99	1079.3	2188.73	hallway	144
2	352	684.67	1954.58	760.43	2248.8599999999997	hallway	377, 378, 379, 380, 381, 382
3	257	1372.35	937.7	1427.35	1056.76	hallway	383
4	321	1953.22	2401.77	2011.82	2554.42	facility_room	134
5	353	684.67	2249.45	760.43	2568.08	hallway	384, 385, 386, 387, 388, 379
6	226	1562.32	908.74	1903.63	1092.2	shop	389
7	258	1372.35	1056.76	1445.1599999999999	1117.78	lift	390
8	290	1445.17	1185.92	1564.0	1264.19	hallway	391, 392, 393, 394, 395
9	322	1858.93	2832.06	2011.81	2906.49	hallway	38, 40
10	354	1638.8	1279.9	1663.24	1341.3200000000002	shop	396, 397, 398
11	195	1022.54	400.48	1173.02	653.11	shop	400, 401, 402, 399
12	259	1372.35	1117.78	1445.1599999999999	1177.07	lift	403
13	291	1564.0	1092.2	1663.24	1264.18	hallway	404, 389, 405, 406, 394
14	323	1791.82	1420.73	1808.9099999999999	1487.42	hallway	407
15	355	1663.24	1092.2	1791.82	1341.3200000000002	shop	405, 408, 409, 410, 398
16	260	1808.91	1528.41	1887.63	1598.7	lift	411, 412
17	292	1564.0	1264.19	1663.24	1279.91	hallway	404, 408, 397, 413, 414
18	324	1808.91	1420.73	1887.63	1528.4	hallway	407, 412, 158, 415
19	356	1791.82	1092.2	1903.6299999999999	1279.9	shop	416, 417, 410
20	197	1022.54	653.11	1173.02	869.7	shop	418
21	229	1639.76	2068.23	1808.91	2109.64	shop	419, 420
22	261	1769.16	2494.91	1839.65	2560.43	lift	421
23	293	1564.0	1279.9	1638.81	1687.39	hallway	422, 423, 424, 425, 426, 396, 413
24	325	1887.64	1420.73	1975.8300000000002	1491.46	hallway	113, 415
25	357	1791.82	1279.91	1808.58	1334.8400000000001	shop	416, 409
26	198	1022.54	869.7	1173.02	1185.92	shop	180, 427, 428, 429
27	230	1903.9	2068.23	1976.46	2109.64	shop	430
28	262	1769.16	2401.77	1839.65	2494.91	lift	431
29	326	1887.64	1491.46	1909.5800000000002	1701.04	hallway	432, 433, 117, 411
30	358	1903.63	1137.27	1976.13	1279.9	shop	417, 101
31	199	477.95	866.1	945.58	1183.66	shop	434, 435, 436, 437
32	231	1639.76	2109.64	1976.45	2209.8599999999997	shop	419, 438, 439, 77, 430
33	263	633.7	2520.29	683.07	2713.37	hallway	386, 341, 440, 441
34	295	945.58	866.1	995.2	934.19	hallway	434, 442, 443, 444
35	327	1909.57	1491.46	1976.1299999999999	1701.04	hallway	433, 113, 119
36	359	1639.77	1487.42	1808.58	1701.04	shop	422, 445, 446
37	200	435.96	1183.66	684.66	1381.0900000000001	shop	447
38	232	1639.76	2209.86	1927.65	2248.86	shop	448, 438
39	264	633.7	2713.38	1113.24	2754.1800000000003	hallway	449, 450, 451, 452, 440
40	296	959.55	481.08	1022.54	869.7	hallway	418, 453, 454, 455, 456, 443, 399
41	328	1808.91	1637.37	1887.63	1701.04	hallway	432
42	360	1639.77	1341.32	1791.82	1487.4199999999998	shop	423, 445
43	201	435.96	1381.09	684.66	1582.51	shop	457
44	233	1164.57	2512.42	1366.99	2644.7400000000002	shop	458, 459, 460, 461
45	297	959.55	436.3	1059.49	481.08	hallway	400, 401, 455, 349, 462
46	329	1808.91	1598.7	1887.63	1637.3700000000001	hallway	117
47	361	813.72	653.11	959.5500000000001	811.8	shop	464, 453, 190, 463
48	202	436.87	1582.5	684.6700000000001	1765.22	shop	465
49	234	1366.99	2512.42	1562.91	2644.7400000000002	shop	466, 467, 468
50	266	1271.02	908.74	1301.1	967.7	hallway	85
51	298	797.65	383.84	1060.94	436.29999999999995	hallway	402, 469, 349
52	330	1808.58	1742.22	1909.57	1958.28	facility_room	161
53	362	797.65	811.8	883.74	875.0699999999999	shop	464, 470
54	203	436.87	1765.22	684.6700000000001	1954.58	shop	471
55	299	1301.1	908.74	1372.35	1026.45	hallway	85, 87, 472
56	331	1808.58	2068.23	1903.8899999999999	2109.64	shop	77
57	363	883.74	811.8	960.03	866.0999999999999	shop	470, 456, 463
58	204	436.87	1954.59	684.6700000000001	2155.37	shop	382
59	268	1909.57	1816.08	1976.4499999999998	1866.1699999999998	hallway	473, 127
60	300	1271.02	1026.45	1372.35	1117.78	hallway	390, 472, 474, 383
61	332	1808.58	1958.29	1976.4499999999998	2068.24	facility_room	475
62	364	797.65	436.3	960.03	486.12	shop	469, 476, 462
63	205	436.87	2155.37	684.67	2357.89	shop	388, 381, 477
64	269	1909.57	1742.22	1976.4499999999998	1816.07	hallway	161, 473, 478
65	301	1173.02	1117.78	1372.36	1177.07	hallway	81, 403, 180, 181, 474
66	333	1909.57	1866.16	1976.4499999999998	1958.2800000000002	facility_room	475, 127
67	365	813.72	486.12	960.03	653.11	shop	454, 476, 189
68	206	436.87	2357.89	683.07	2568.08	shop	387, 477, 479
69	270	1661.0	1701.05	1976.46	1742.23	hallway	119, 155, 478
70	302	1372.35	908.74	1445.1599999999999	937.7	facility_room	480, 87
71	334	797.65	486.12	813.72	811.8	hallway	481, 189, 190
72	366	760.7	1783.17	1053.35	1869.52	shop	482, 483, 484, 345
73	207	435.96	2568.08	633.7	2906.49	shop	485, 486, 441, 479
74	239	1639.76	1742.22	1808.91	2068.23	shop	487, 488
75	303	1427.35	937.7	1445.1599999999999	1056.76	facility_room	480
76	335	767.13	522.39	797.65	777.51	hallway	481
77	367	760.43	1869.52	973.7099999999999	2108.17	shop	145, 483, 489, 378
78	208	760.43	1264.19	945.65	1687.39	shop	490, 491, 492, 493, 494
79	240	760.64	2514.86	1062.83	2571.42	shop	495
80	272	1562.9	2512.42	1638.8000000000002	2703.13	hallway	496, 497, 466, 498, 499, 500, 501
81	304	1903.63	908.74	1975.8200000000002	1137.27	facility_room	101
82	368	1444.96	1869.52	1562.9	1943.98	shop	502, 503, 504
83	209	1022.4	1264.19	1315.52	1484.19	shop	505, 506, 507
84	241	1445.17	908.74	1562.32	1185.92	shop	406, 395
85	273	1074.61	2644.74	1562.8999999999999	2703.1299999999997	hallway	467, 500, 343, 458, 508, 509, 510, 511
86	305	1808.91	1279.9	1975.8200000000002	1334.8300000000002	facility_room	159
87	369	1477.2	1943.98	1562.9	2261.63	shop	512, 503
88	210	1022.4	1484.19	1315.52	1687.39	shop	513, 514, 515
89	274	1074.61	2703.13	1113.24	2713.38	hallway	449, 510
90	306	1858.93	2692.31	2011.81	2832.06	facility_room	38
91	370	1173.02	1177.08	1299.8436293372692	1196.0646887861903	shop	516, 517, 518
92	211	1315.52	1264.19	1433.3799999999999	1471.94	shop	519, 520, 521
93	275	1062.83	2512.42	1164.57	2571.42	hallway	522, 523, 461
94	371	1355.043629337269	1177.08	1445.243629337269	1196.4646887861904	shop	393, 524, 525
95	212	1315.52	1471.94	1564.0	1687.39	shop	519, 425, 526, 527
96	276	1074.61	2571.42	1164.57	2644.7400000000002	hallway	342, 523, 460, 509
97	308	973.71	1869.52	1079.3	1943.98	facility_room	146
98	372	1173.02	1196.4646887861904	1446.1780043372692	1263.4748450361901	hallway	528, 529, 530, 516, 392, 505, 521, 524
99	213	1433.38	1264.19	1564.0	1471.94	shop	528, 391, 520, 426, 414, 527
100	277	1062.83	2452.05	1639.77	2512.42	hallway	531, 468, 532, 501, 533, 534, 535, 522, 459
101	309	1858.93	2554.42	2011.82	2692.31	facility_room	134, 46
102	373	1299.8436293372692	1177.08	1354.978004337269	1197.6748450361902	hallway	530, 181, 518, 525
103	214	586.16	2713.38	865.7	2906.49	shop	451, 452, 485, 486, 536
104	278	760.64	2452.05	1062.83	2514.86	hallway	385, 535, 537, 538, 495
105	310	995.2	869.7	1021.58	934.19	hallway	442, 539, 428
106	374	1562.91	1687.39	1640.053890055638	1742.7342475592322	hallway	424, 540, 541, 446, 542
107	215	865.7	2703.13	1264.6	2906.49	shop	450, 536, 511
108	279	973.71	1943.98	1079.3	2026.99	hallway	144, 145, 146
109	311	1021.58	1185.92	1173.02	1264.19	hallway	529, 517, 506, 427, 543
110	375	1053.35	1687.39	1564.0603521528062	1743.5567916571329	hallway	544, 513, 545, 526, 542
111	216	1264.6	2703.13	1571.3	2906.5	shop	508
112	280	760.43	1687.39	1053.35	1782.19	hallway	545, 482, 546, 515, 547, 344, 491
113	217	1571.31	2703.13	1858.93	2906.49	shop	499, 40
114	281	1459.43	1742.22	1639.77	1869.52	hallway	544, 548, 488, 504, 346, 347, 541
115	313	1638.8	2560.44	1924.9099999999999	2611.71	hallway	498, 549, 46, 62
116	218	1639.76	2611.71	1858.93	2745.91	shop	496, 549
117	282	1564.0	1869.52	1639.76	2452.05	hallway	448, 512, 420, 532, 548, 502, 550, 439, 487, 551
118	314	1874.02	2248.86	1953.22	2401.77	hallway	68, 552
119	219	1639.76	2248.86	1769.15	2560.44	shop	497, 531, 550
120	251	1053.35	1742.22	1459.4199999999998	1869.52	escalator	344, 345, 346, 347
121	315	1839.65	2401.77	1953.23	2505.31	hallway	552, 553, 431
122	220	1258.56	2261.63	1562.9	2452.05	shop	533, 551
123	252	684.67	2571.42	1074.61	2713.37	escalator	341, 342, 343
124	284	1638.8	1701.05	1660.99	1742.23	hallway	155, 540
125	316	1839.65	2505.31	1924.92	2560.43	hallway	421, 553, 62
126	221	973.71	2237.56	1079.3	2267.22	shop	554
127	253	1173.02	908.74	1271.02	1117.78	staircase	81
128	285	945.65	1264.19	1022.39	1687.39	hallway	514, 546, 490, 507, 555
129	222	973.71	2267.22	1258.5700000000002	2452.0499999999997	shop	534, 537, 554
130	254	1791.82	1334.84	1975.82	1420.74	staircase	158, 159
131	286	760.43	1183.66	945.65	1264.19	hallway	436, 492, 556, 557
132	350	684.66	1185.92	760.43	1582.51	hallway	437, 457, 557, 494, 558, 447
133	223	760.7	2108.17	973.71	2452.05	shop	384, 377, 538
134	255	1769.16	2249.45	1874.0300000000002	2401.77	staircase	68
135	287	945.09	934.19	1021.57	1264.19	hallway	435, 539, 555, 444, 556, 429, 543
136	351	684.66	1582.5	760.43	1954.59	hallway	465, 547, 484, 471, 489, 380, 493, 558
