0	256	1838.15	1165.02	1887.5300000000002	1312.83	shop	432, 430, 431
1	352	964.02	1806.94	1105.8	1820.91	hallway	433, 434, 435
2	384	413.84	1206.639739950815	645.3846029052327	1295.4889220797213	shop	436, 437
3	416	1086.277875545788	1516.0823106461007	1267.3691841395378	1743.7159776382882	shop	438, 439, 440, 441, 442
4	257	1456.67	923.3	1492.8200000000002	1212.83	shop	443, 444, 174
5	353	1105.8	1741.8	1459.32	1806.94	hallway	438, 445, 446, 447
6	385	413.84	1295.4889220797213	646.0371450194903	1486.5230865084316	shop	448
7	417	1265.8066841395378	1293.19	1461.9004341395375	1515.9816026382887	shop	449, 450, 451, 452
8	258	1492.82	930.28	1684.4199999999998	1165.02	shop	453, 393, 444
9	322	957.55	2098.1	1072.3	2317.83	hallway	163
10	354	1459.32	1741.8	1579.3899999999999	1929.1599999999999	hallway	454, 455, 456, 168, 169, 445
11	386	413.84	1486.5230865084316	647.5996450194903	1688.4762115084313	shop	457
12	418	1265.82	1516.0823106461007	1459.1660591395375	1742.9347276382882	shop	449, 439, 458, 446
13	259	1492.82	1165.02	1658.78	1212.83	shop	453, 443
14	323	605.77	2565.52	647.87	2618.08	shop	459, 460, 461, 462
15	355	1579.39	1293.19	1659.2900000000002	2595.66	hallway	454, 463, 464, 465, 466, 467, 468, 469, 470, 471, 472, 473, 474, 475, 476, 477, 478
16	387	734.88	1820.9099999999999	958.790440917927	2171.7306441866526	shop	480, 481, 482, 164, 479
17	292	761.39	2680.52	1061.3899999999999	2788.9	escalator	209, 210, 211, 212
18	356	647.87	2595.66	1659.29	2649.5	hallway	483, 484, 485, 486, 487, 488, 489, 490, 459, 491, 492, 493, 494, 478
19	388	734.95	2172.95	958.790440917927	2598.3663863741517	shop	491, 495
20	420	1459.1660591395375	1515.9816026382887	1579.0879341395373	1744.1066026382882	shop	496, 455, 472, 458
21	325	1860.9	2728.11	1911.27	2810.1400000000003	facility_room	204
22	389	414.12	2359.69031520716	649.0656331786702	2562.9373855196595	shop	497
23	421	1459.1660591395375	1293.19	1578.4627581866266	1515.734269302413	shop	496, 498, 451, 473
24	294	1105.8	1806.94	1459.32	1929.15	escalator	166, 167, 168, 169
25	326	1961.29	2656.53	2007.69	2820.13	facility_room	203
26	358	1054.31	2649.5	1153.6399999999999	2680.51	hallway	499, 500, 489
27	390	414.12	2113.938362082161	647.4054769286702	2360.0321120821604	shop	501
28	422	950.04	377.84	1168.6299999999999	479.9724999999999	shop	502, 503
29	295	1812.84	1370.65	2007.84	1459.71	staircase	180, 181
30	359	1061.39	2680.52	1153.63	2810.14	hallway	499, 211, 212, 504, 505, 506, 507, 508
31	391	413.84	1688.08	648.7665609130453	1906.2784499727866	shop	509
32	423	950.04	476.8124999999999	1170.5499999999997	554.8525	shop	502, 510
33	232	414.12	2565.52	605.77	2820.89	shop	462, 511
34	296	1799.89	2326.09	1907.1100000000001	2495.9500000000003	staircase	199
35	328	1955.42	2291.85	2006.9	2326.0899999999997	facility_room	198
36	392	414.12	1906.2784499727866	649.5295003661703	2116.849739035286	shop	512
37	424	950.04	556.15	1167.9899999999998	621.4124999999999	shop	513
38	233	503.28	2857.03	566.27	3005.29	shop	514, 162
39	297	1169.62	923.3	1276.01	1140.99	staircase	170
40	393	605.77	2863.09	1109.9396184691961	3008.0673284136406	shop	515, 516, 517, 518
41	425	950.04	621.4124999999999	1169.2699999999998	684.7724999999999	shop	519
42	234	566.27	2820.89	605.77	3005.2799999999997	shop	514, 518
43	298	1380.5	951.05	1436.16	1078.49	hallway	176, 175
44	362	605.77	2618.08	647.87	2863.09	hallway	520, 521, 461, 494, 511
45	426	773.76	442.89	866.5499999999998	603.4925	shop	522, 523, 524
46	299	1380.5	1078.49	1456.67	1140.99	lift	177
47	331	1276.01	923.3	1305.8	983.76	hallway	172
48	363	647.87	2649.5	868.1	2680.51	hallway	520, 492, 525
49	395	1887.53	1165.02	2005.570255687999	1314.0919540100513	shop	432, 392, 526, 527
50	427	773.76	603.8124999999999	866.5499999999998	757.0924999999999	shop	528, 522
51	300	1380.5	1140.99	1456.67	1203.98	lift	178
52	364	647.87	2680.52	761.38	2863.09	hallway	529, 209, 210, 517, 521, 525
53	396	1684.4199999999998	930.28	2007.8068889887802	1164.6873519592705	shop	530, 393, 527
54	428	773.76	757.8124999999999	866.32	872.9224999999998	shop	531, 532
55	301	1838.15	1574.75	1926.17	1648.15	lift	187
56	333	1305.79	923.3	1380.5	1203.98	hallway	176, 177, 178, 179, 533, 172, 173, 175
57	365	761.39	2788.9	1061.3899999999999	2863.09	hallway	529, 516, 534, 508
58	397	1887.5300000000002	1165.02	2008.1707157404894	1310.609650390667	shop	530, 392, 526, 431
59	270	1459.32	1929.16	1578.1599999999999	2321.33	shop	535, 456, 476
60	302	1799.89	2495.95	1870.39	2586.18	lift	200
61	334	1276.01	1041.87	1305.8	1203.98	hallway	533, 536
62	366	1061.39	2810.14	1111.0800000000002	2863.0899999999997	hallway	534, 506
63	271	1469.95	2321.33	1578.15	2344.67	shop	535, 475
64	303	1799.89	2586.18	1870.39	2656.5299999999997	lift	201
65	335	1169.62	1140.99	1276.01	1203.98	hallway	536, 170, 171
66	367	414.12	2820.89	503.28	3005.2799999999997	facility_room	162
67	399	1658.77	2663.13	1801.332035473156	2729.409680145305	hallway	537, 538
68	272	1361.75	2317.83	1469.95	2344.67	shop	539, 540
69	304	1684.42	930.28	1695.22	1165.02	facility_room	393
70	336	1380.5	923.3	1456.67	951.05	hallway	541, 173
71	368	1870.39	2495.95	2008.22	2612.14	hallway	200, 542, 543
72	400	1801.332035473156	2656.53	1862.082035473156	2730.659680145305	hallway	544, 537
73	273	1361.75	2344.67	1578.16	2595.66	shop	545, 486, 539, 477
74	337	1436.16	951.05	1456.67	1078.49	hallway	541, 174
75	369	1870.39	2612.13	1961.2900000000002	2656.53	hallway	201, 202, 543
76	401	1579.39	2649.5	1658.8576214106565	2729.278430145305	hallway	546, 547, 484, 548, 538
77	242	1860.9	2656.53	1961.2900000000002	2728.1000000000004	hallway	544, 549, 202, 203
78	274	1157.45	2317.83	1361.75	2595.66	shop	545, 550, 487, 540
79	338	701.61	377.84	769.47	453.51	hallway	551
80	370	1907.11	2326.09	1987.58	2495.9500000000003	hallway	199, 542
81	243	1911.27	2728.11	1961.29	2820.1400000000003	hallway	549, 204, 205
82	275	957.55	2321.33	1157.45	2595.66	shop	550, 490
83	307	1838.15	1312.83	2007.8400000000001	1370.6399999999999	facility_room	181, 392
84	339	769.46	377.84	831.3100000000001	442.88	hallway	551, 552
85	403	1109.9396184691961	2863.09	1271.8613811762812	3004.407043426554	shop	515, 553
86	244	1659.33	2326.09	1799.8899999999999	2663.13	shop	546, 467, 483
87	340	831.31	377.84	950.04	442.88	hallway	390, 552
88	372	1945.34	1755.65	2007.1699999999998	1874.1000000000001	hallway	554, 555, 190, 191
89	404	1109.9396184691961	2808.629345672648	1269.5725628169062	2864.026184051554	hallway	505, 553, 556
90	213	769.46	442.89	866.78	453.52	shop	524
91	245	1659.33	2100.96	1838.1499999999999	2326.09	shop	466, 557
92	341	866.79	442.89	946.52	858.96	hallway	528, 560, 513, 532, 390, 503, 519, 523, 510, 558, 559
93	373	1945.34	1874.1	2007.1699999999998	1927.85	hallway	194, 554
94	246	1838.15	2181.58	1955.42	2326.09	facility_room	561, 562, 195, 198, 557
95	342	866.84	858.96	961.5600000000001	874.59	hallway	531, 563, 564, 565, 558
96	374	1688.81	1755.65	1945.03	1798.46	hallway	208, 555
97	406	1153.63	2744.5	1496.928877476024	2813.0743455582065	hallway	566, 567, 504, 568, 556
98	247	1955.42	2181.58	2008.22	2291.84	facility_room	561, 569
99	279	734.95	1595.48	880.57	1741.8	shop	570, 571, 572, 573
100	311	1837.53	1688.35	1945.03	1755.6499999999999	facility_room	574
101	343	881.62	874.59	961.55	1203.98	hallway	576, 577, 578, 563, 579, 575
102	375	1659.09	1755.65	1688.81	1798.46	hallway	208, 468
103	407	1267.22	2808.629345672648	1494.487471226024	3005.457158058206	hallway	567
104	248	1938.15	2135.96	2006.9	2181.59	facility_room	562, 569
105	280	734.95	1437.98	880.57	1595.48	shop	580, 581, 572
106	312	1837.53	1798.46	1945.34	2024.08	facility_room	191
107	344	647.87	1203.98	1169.62	1293.19	hallway	578, 436, 582, 583, 584, 585, 586, 587, 588, 589, 590
108	376	1838.15	1648.15	1926.17	1688.3500000000001	hallway	186
109	408	1492.82	2728.1000000000004	1694.4041582377426	3005.908513038675	shop	592, 593, 547, 566, 591
110	249	1838.15	2135.96	1938.15	2181.59	facility_room	195
111	281	734.95	1293.19	881.62	1437.98	shop	594, 595, 587
112	313	1838.15	2024.08	2006.9	2135.95	facility_room	596
113	345	1169.62	1203.98	1658.77	1293.19	hallway	498, 179, 452, 597, 598, 583, 474
114	377	1926.17	1537.35	2007.8400000000001	1688.35	hallway	599, 186, 189
115	409	1694.4041582377426	2728.1000000000004	1799.3846269877426	2994.189763038675	shop	600, 591
116	250	1659.71	1798.46	1838.15	2100.96	shop	465
117	282	961.56	1074.37	1169.6299999999999	1203.98	shop	584, 601, 171, 575
118	314	1945.34	1927.85	2007.1699999999998	2024.09	facility_room	194, 596
119	346	647.87	1293.19	734.88	2595.66	hallway	448, 512, 482, 581, 457, 460, 493, 589, 495, 497, 595, 501, 602, 509, 573
120	378	1945.03	1688.35	2007.84	1755.6499999999999	hallway	599, 574, 190
121	410	1798.79	2728.11	1861.8846269877426	2811.084294288675	shop	600, 206
122	251	1659.71	1564.08	1838.15	1755.6399999999999	shop	463
123	283	961.56	941.77	1169.6299999999999	1074.37	shop	576, 601, 603
124	315	1798.79	2810.14	1908.35	2994.5499999999997	facility_room	206
125	379	1812.84	1459.71	1838.1499999999999	1529.4	hallway	604
126	411	1153.63	2649.5	1492.6271768839833	2745.84212300114	hallway	593, 500, 488, 568, 507, 605
127	252	1659.71	1351.27	1837.52	1370.65	shop	471, 606
128	284	946.52	814.36	1169.62	858.96	shop	559, 607
129	316	1908.36	2820.13	2007.6799999999998	2980.05	facility_room	205
130	348	734.89	1741.8	881.63	1820.9099999999999	hallway	608, 481, 602, 571
131	380	1838.15	1459.71	1926.17	1574.75	hallway	609, 180, 187, 604
132	412	1492.6271768839833	2649.5	1577.4660440714833	2727.53157612614	hallway	592, 548, 485, 605
133	253	1659.71	1370.65	1812.83	1529.4	shop	610, 470, 606
134	285	961.56	858.96	1169.6299999999999	941.77	shop	577, 564, 603
135	317	957.55	1929.16	1072.3	2009.24	facility_room	165
136	349	880.58	1293.19	964.02	1820.91	hallway	480, 608, 594, 435, 611, 580, 612, 613, 570, 586
137	381	1926.17	1459.71	2007.8400000000001	1537.3500000000001	hallway	609, 189
138	413	964.02	1293.19	1086.277875545788	1514.73190781407	shop	612, 614, 615, 585
139	254	1659.71	1529.4	1837.52	1564.0900000000001	shop	464, 610
140	286	946.52	685.06	1169.62	814.3599999999999	shop	560, 607
141	318	957.55	2009.24	998.5699999999999	2030.24	facility_room	165, 616
142	350	964.02	1741.8	1105.8	1806.94	hallway	434, 611, 441, 617, 447
143	382	746.08	874.59	880.3253225097244	1206.746551474253	shop	579, 565, 588
144	414	964.02	1514.73190781407	1083.4168525965692	1743.6137437515695	shop	613, 615, 617, 442
145	255	1658.78	1165.02	1837.53	1351.27	shop	469, 597, 430
146	319	957.55	2030.23	1056.67	2098.1	facility_room	163, 164, 616
147	351	957.55	1820.92	1105.81	1929.16	hallway	433, 166, 167, 479
148	383	413.84	858.96	745.6798604735919	1206.639739950815	shop	437, 590
149	415	1086.2626167567255	1293.19	1265.8066841395378	1519.1066026382887	shop	450, 582, 598, 614, 440
