0	288	1869.27	2344.12	1917.29	2443.4	hallway	416, 417, 415
1	320	1805.17	2235.56	1871.3000000000002	2297.12	lift	137
2	352	1842.8	1527.61	1942.8	1732.4699999999998	facility_room	140
3	384	1066.21	1994.81	1220.4587464125643	2190.0796427898845	shop	418
4	289	1869.27	2443.4	1906.04	2491.5	hallway	416, 132
5	321	1805.17	2150.56	1871.3000000000002	2235.56	lift	136
6	353	1942.8	1645.47	1998.8	1834.47	facility_room	419, 139
7	385	1220.4587464125643	1994.81	1377.880621412564	2190.8608927898845	shop	420
8	290	1959.89	2297.12	1998.8000000000002	2344.12	facility_room	421, 133
9	322	1842.8	1329.16	1918.77	1396.3600000000001	lift	143
10	354	1842.8	1732.47	1942.8	1834.47	facility_room	419
11	386	1377.880621412564	1994.81	1513.818121412564	2189.6890177898845	shop	422
12	291	1917.29	2344.12	1998.8	2443.4	facility_room	421, 423
13	323	1433.45	771.72	1483.8400000000001	883.13	hallway	160, 159
14	355	1842.8	1430.76	1936.22	1491.47	facility_room	142
15	387	1512.09	1994.81	1604.382086256314	2190.2383341961345	shop	424, 425
16	292	1906.04	2443.4	2000.44	2587.6400000000003	facility_room	423
17	324	1433.45	883.13	1503.1200000000001	939.31	lift	161
18	356	1918.77	1293.44	1998.8	1430.76	hallway	145, 146, 426
19	388	1512.09	1710.28	1604.382086256314	1994.1628947430097	shop	427, 428
20	293	698.17	2443.64	774.52	2477.5	hallway	432, 179, 429, 430, 431
21	325	1433.45	939.31	1503.1200000000001	997.7099999999999	lift	162
22	357	1936.22	1430.76	1998.8	1491.47	hallway	426, 141, 142
23	389	1150.33	2477.5	1449.7488264830592	2601.702815549894	shop	433, 434, 435
24	294	642.84	2443.64	698.1700000000001	2477.5	hallway	436, 431
25	358	1842.8	1225.26	1998.8	1293.44	hallway	146, 148, 437
26	390	1704.875779608059	2355.76	1869.27	2489.398128049894	shop	438, 439, 440, 441, 442, 443, 444
27	359	1842.8	1293.44	1918.77	1329.16	hallway	437, 143
28	391	1703.655076483059	2489.398128049894	1809.48	2600.482112424894	shop	439, 445
29	296	1708.82	1491.61	1942.8	1526.4699999999998	hallway	208, 446
30	360	1842.8	1395.8	1918.77	1430.76	hallway	145
31	392	1449.7488264830592	2477.5	1604.7029280455597	2600.6637530498947	shop	447
32	233	735.74	1182.43	1049.59	1327.51	shop	448, 449, 450
33	297	1942.8	1491.47	1998.8	1597.47	hallway	451, 140, 141, 446
34	329	1339.41	744.44	1366.3200000000002	798.9100000000001	hallway	327
35	361	1866.37	945.94	1938.8799999999999	963.5400000000001	hallway	452, 155, 156
36	393	1604.382086256314	2477.5	1705.4109358580595	2599.4430499248947	shop	453, 441, 445
37	234	739.32	1327.51	1042.78	1489.77	shop	449, 454, 455, 456, 457, 458, 459, 460, 461, 462, 463
38	298	1942.8	1597.47	1998.8	1645.47	hallway	451, 139
39	362	1842.8	1095.47	1998.8	1146.76	facility_room	149
40	394	1674.57	1834.47	2000.334718206692	1965.4117541485286	shop	464, 465
41	235	673.1	945.46	776.68	1431.23	hallway	450, 466, 467, 468, 469, 470, 471, 472, 473, 474, 475, 476, 477, 478, 479
42	299	1607.53	754.04	1715.6399999999999	811.04	facility_room	480
43	331	1366.32	744.44	1433.4499999999998	939.3100000000001	hallway	160, 481, 161, 482, 327, 158, 159
44	395	1674.57	1965.4117541485286	1856.70243976431	2004.8159747295836	shop	464, 483, 484
45	236	709.98	900.67	972.52	980.13	hallway	485, 486, 487, 472, 488, 489, 490, 491, 492
46	300	1715.64	744.44	1866.3700000000001	811.0400000000001	facility_room	480, 493
47	332	1340.72	853.71	1366.32	939.3100000000001	hallway	482, 494
48	364	735.74	1090.61	1049.5900000000001	1182.4299999999998	shop	496, 471, 495
49	396	1674.57	2004.8159747295836	1804.45634601431	2151.788630979583	shop	497, 498, 483
50	237	957.34	900.67	1169.72	1182.43	hallway	499, 500, 485, 501, 502, 503, 504, 505, 506, 507, 508, 495
51	301	1866.37	744.44	2000.4399999999998	945.94	facility_room	155, 493, 509
52	333	1272.72	939.31	1433.45	997.7099999999999	hallway	481, 162, 163, 164, 494
53	365	735.74	961.81	1049.59	1090.61	hallway	487, 488, 489, 490, 491, 496, 466, 467, 468, 469, 470, 505, 506, 507, 508
54	397	1674.57	2151.788630979583	1805.9211897643097	2309.876130979583	shop	512, 497, 513, 510, 511
55	238	690.38	1410.77	861.68	1605.31	hallway	514, 515, 516, 517, 473, 461, 462, 463
56	302	1938.88	945.94	2000.44	963.5400000000001	facility_room	518, 509
57	334	1433.45	744.44	1503.1200000000001	771.72	hallway	519, 158
58	398	1674.57	1710.28	1843.7731505187044	1835.8354090862724	shop	520
59	239	817.74	1605.31	861.68	1732.47	hallway	515, 521, 522, 523, 524
60	271	1135.77	1459.41	1253.5	1534.66	hallway	528, 529, 525, 526, 527
61	303	1866.68	963.54	1998.8000000000002	1095.47	facility_room	518, 156
62	335	1483.84	771.72	1503.12	883.13	hallway	519
63	399	1675.6481505187044	1526.7729090862726	1842.8	1710.28	shop	530, 531
64	240	795.86	1732.03	901.72	1862.59	hallway	532, 533, 534, 535, 536, 522
65	272	1252.84	1438.8	1531.74	1534.66	hallway	544, 537, 538, 539, 540, 525, 541, 542, 543
66	304	1503.12	744.44	1535.6399999999999	754.0400000000001	facility_room	545
67	336	1152.36	798.91	1246.84	939.31	shop	546, 165
68	400	1452.94	2256.86	1602.889170721341	2406.2235354595628	shop	547, 548, 549, 550, 551
69	209	1697.8	1308.47	1842.8	1491.47	shop	552
70	241	861.68	1481.02	946.93	1771.45	hallway	514, 534, 521, 553, 554, 459, 460
71	273	1152.36	997.71	1272.72	1076.71	hallway	501, 555, 556, 557
72	305	1503.12	754.04	1607.53	811.04	facility_room	545, 157
73	337	1152.36	939.31	1272.7199999999998	997.7099999999999	shop	546, 557
74	401	1299.77	2256.86	1453.9633894713413	2406.2235354595628	shop	560, 558, 559
75	210	1697.8	1131.47	1842.8	1308.47	shop	561
76	242	1042.78	1165.94	1128.45	1377.72	hallway	448, 562, 563, 564, 565, 502
77	274	1252.84	997.71	1452.94	1119.34	hallway	163, 566, 567, 568, 569, 570, 571, 556, 572, 573
78	306	1145.96	690.84	1246.8400000000001	798.9100000000001	facility_room	165, 166
79	338	1058.24	1715.26	1090.49	1795.6399999999999	hallway	167, 169, 574
80	370	776.68	2489.0	963.92	2601.24	shop	576, 575
81	402	789.3	1998.91	1066.21	2295.89	hallway	577, 578, 579, 580, 581, 582, 583, 584, 585, 586, 587, 588
82	243	985.43	1327.51	1113.77	1464.52	hallway	565, 455, 456, 457, 458, 589, 590, 591
83	275	1355.35	1119.34	1426.94	1226.94	hallway	592, 593, 594, 595, 596, 571
84	307	1058.24	1646.95	1157.05	1715.26	facility_room	167
85	339	1090.49	1732.47	1143.23	1795.64	hallway	168, 574
86	403	1066.21	2186.87	1604.8354285510075	2226.5110952072596	hallway	577, 418, 420, 597, 422, 598, 599, 600, 425
87	180	972.52	690.84	1152.36	997.71	shop	166, 503, 504
88	244	940.77	1460.41	1150.33	1715.26	hallway	529, 454, 553, 601, 313, 314, 591
89	276	1355.66	1218.8	1419.6	1293.44	hallway	592, 602, 603, 604
90	308	642.84	2477.5	774.52	2601.24	facility_room	179
91	340	1904.37	2004.64	1973.4899999999998	2101.92	hallway	138
92	372	774.52	2445.21	1150.33	2491.5	hallway	576, 435, 429, 605, 606
93	404	1154.1257386000643	2226.5110952072596	1300.880350426008	2446.848009269759	hallway	560, 608, 609, 610, 599, 607
94	181	776.68	690.84	972.52	900.6700000000001	shop	611, 486
95	213	1118.25	1070.44	1252.84	1293.44	shop	499, 563, 500, 564, 555
96	245	789.3	1862.59	865.89	2006.11	hallway	612, 613, 614, 535, 615, 586
97	277	1366.32	1293.14	1491.94	1460.41	hallway	544, 616, 617, 602, 618, 619, 620, 621, 622
98	309	1809.48	2490.59	1904.3700000000001	2601.2400000000002	facility_room	132
99	341	1904.37	2101.92	1973.4899999999998	2153.39	hallway	624, 138, 203, 623
100	373	573.24	2304.77	752.56	2443.4	shop	432, 625, 626, 436
101	405	1150.1235144885081	2443.796251457259	1704.875779608059	2477.5	hallway	433, 609, 627, 453, 444, 605, 447
102	182	573.24	690.84	776.68	997.71	shop	611, 492, 479
103	214	1252.84	1070.75	1366.32	1293.44	shop	593, 594, 566, 567, 568, 569, 570, 603
104	278	1452.94	996.81	1506.14	1087.0	hallway	628, 629, 630, 573
105	310	1805.17	2004.64	1904.3700000000001	2150.56	staircase	203
106	342	1871.3	2150.56	1951.9099999999999	2297.12	hallway	624, 134, 631, 136, 137
107	374	573.24	2153.15	752.56	2304.77	shop	626, 632, 633
108	406	1299.77	2406.2235354595628	1706.2051551135078	2443.72007958226	hallway	608, 627, 551, 634, 443, 559
109	183	573.24	997.71	682.06	1141.31	shop	477, 478
110	215	1102.27	1293.44	1252.84	1472.91	hallway	528, 562, 601, 589, 526, 590, 527
111	279	1503.12	1005.82	1568.56	1065.04	hallway	630, 635, 636, 637
112	311	1150.33	1534.66	1512.09	1645.47	escalator	313, 314, 315, 316
113	343	1951.91	2153.39	1973.49	2178.54	hallway	631, 135, 638, 623
114	375	752.56	2150.56	789.3	2290.35	hallway	640, 632, 587, 639
115	407	1602.889170721341	2309.3	1701.536405113508	2355.5575795822597	hallway	513, 641, 642, 643, 549
116	184	573.24	1141.31	673.1	1284.67	shop	476
117	216	1252.84	1293.44	1401.27	1484.91	shop	616, 617, 538, 618, 539, 540, 541, 542
118	280	1527.64	1005.82	1697.8	1164.9	hallway	644, 645, 646, 647, 648, 649, 650, 635, 651
119	312	779.98	2295.89	1152.63	2445.21	escalator	377, 379
120	344	1973.49	2157.25	1998.8	2178.54	hallway	135, 638
121	376	752.56	2290.35	779.9799999999999	2445.21	hallway	640, 625, 633, 377, 379, 430
122	408	1602.889170721341	2355.5575795822597	1705.9364051135078	2406.15757958226	hallway	643, 548, 442, 634
123	185	573.24	1284.67	690.38	1431.23	shop	474, 475
124	217	1407.94	1064.4	1527.64	1293.44	shop	595, 596, 628, 629, 572, 604, 636
125	281	1634.59	1131.47	1697.8	1308.47	hallway	561, 644, 652, 653, 654, 655
126	409	1300.880350426008	2226.5110952072596	1603.9645301135076	2258.1075795822594	hallway	656, 550, 598, 558, 607
127	186	572.62	1431.23	817.74	1605.31	shop	516, 517
128	218	1419.6	1293.44	1650.52	1465.0	shop	619, 620, 621, 622, 657, 658, 659, 660, 661, 662, 663, 664, 543
129	282	1512.09	1293.44	1709.28	1534.23	hallway	552, 655, 208, 657, 658, 531, 659, 660, 661, 662, 663, 664, 537, 665, 666
130	378	963.92	2490.59	1150.33	2601.2400000000002	shop	434, 606, 575
131	410	1602.889170721341	1710.28	1677.9012976916322	2309.7850698166344	hallway	512, 656, 465, 498, 642, 547, 484, 597, 424, 520, 427, 667
132	187	572.62	1605.31	827.26	1732.03	shop	523, 524, 668
133	219	1527.64	1065.04	1650.52	1293.44	shop	649, 650, 651, 652, 653, 654
134	347	1951.91	2178.54	1998.8000000000002	2256.86	hallway	135
135	411	1512.09	1527.61	1675.022393348981	1710.0574392014005	hallway	530, 665, 666, 667, 315, 428, 316
136	188	573.24	1732.03	822.46	1862.59	shop	536, 668, 669
137	220	855.62	1862.59	1066.21	2006.11	shop	612, 613, 614, 170
138	348	1951.91	2256.86	1998.8000000000002	2297.1200000000003	hallway	133
139	412	1503.1200000000001	811.04	1569.415110308598	1006.3918930468795	shop	637, 157
140	189	573.24	1862.59	795.86	1998.91	shop	615, 669, 670
141	221	865.89	1715.26	1058.24	1862.59	shop	532, 533, 169, 554
142	285	1701.0	2309.3	1805.17	2355.76	hallway	641, 440, 511, 671
143	317	1842.8	1146.76	1998.8	1225.26	staircase	148, 149
144	349	1058.24	1948.22	1157.05	1994.81	hallway	170
145	413	1568.56	811.04	1866.37	1131.47	shop	452, 645, 646, 647, 648
146	190	573.24	1998.91	789.3	2153.15	shop	588, 670, 639
147	286	1805.17	2297.12	1869.27	2356.5	hallway	672, 417, 438, 510, 671
148	318	1246.84	744.44	1340.72	939.3100000000001	staircase	164
149	382	855.62	2006.11	1066.21	2188.47002364926	shop	580, 581, 582, 583, 584, 585
150	287	1869.27	2297.12	1959.8899999999999	2344.12	hallway	672, 134, 415
151	319	1058.24	1795.64	1157.05	1948.22	hallway	168
152	383	906.43	2224.87	1154.1257386000643	2295.2065959148845	shop	578, 610, 579, 600
